read 340:340
Kinetic read 1 (0:00:05)
	1	2	3	4	5	6	7	8	9	10	11	12
A	0.122	0.141	0.154	0.143	0.143	0.141	0.147	0.136	0.125	0.131	0.127	0.124	read 340:340 Read#1
B	0.137	0.139	0.144	0.148	0.153	0.147	0.147	0.141	0.145	0.135	0.133	0.124	read 340:340 Read#1
C	0.131	0.146	0.142	0.154	0.173	0.155	0.179	0.154	0.154	0.158	0.135	0.138	read 340:340 Read#1
D	0.151	0.155	0.145	0.151	0.151	0.154	0.140	0.148	0.158	0.102	0.099	0.099	read 340:340 Read#1
E	0.138	0.148	0.165	0.158	0.154	0.141	0.150	0.141	0.145	0.137	0.142	0.115	read 340:340 Read#1
F	0.136	0.142	0.146	0.137	0.147	0.150	0.142	0.153	0.131	0.121	0.125	0.128	read 340:340 Read#1
G	0.121	0.134	0.132	0.135	0.145	0.145	0.153	0.132	0.129	0.131	0.129	0.114	read 340:340 Read#1
H	0.130	0.133	0.133	0.137	0.136	0.139	0.132	0.134	0.133	0.092	0.095	0.098	read 340:340 Read#1

read 340:340
Kinetic read 2 (0:00:26)
	1	2	3	4	5	6	7	8	9	10	11	12
A	0.130	0.146	0.157	0.148	0.146	0.142	0.147	0.133	0.124	0.129	0.129	0.128	read 340:340 Read#2
B	0.136	0.142	0.148	0.148	0.154	0.150	0.149	0.150	0.149	0.139	0.134	0.134	read 340:340 Read#2
C	0.134	0.142	0.144	0.153	0.167	0.153	0.185	0.161	0.152	0.161	0.136	0.141	read 340:340 Read#2
D	0.150	0.153	0.146	0.153	0.154	0.154	0.142	0.148	0.158	0.102	0.099	0.099	read 340:340 Read#2
E	0.137	0.148	0.165	0.164	0.151	0.145	0.152	0.135	0.142	0.133	0.140	0.115	read 340:340 Read#2
F	0.135	0.142	0.143	0.136	0.147	0.143	0.144	0.143	0.132	0.123	0.128	0.131	read 340:340 Read#2
G	0.126	0.131	0.131	0.131	0.144	0.143	0.154	0.134	0.132	0.131	0.130	0.116	read 340:340 Read#2
H	0.133	0.136	0.133	0.139	0.135	0.140	0.133	0.134	0.134	0.092	0.095	0.098	read 340:340 Read#2

read 340:340
Kinetic read 3 (0:00:47)
	1	2	3	4	5	6	7	8	9	10	11	12
A	0.129	0.148	0.156	0.146	0.147	0.140	0.146	0.133	0.122	0.127	0.128	0.129	read 340:340 Read#3
B	0.137	0.143	0.147	0.146	0.153	0.149	0.150	0.149	0.149	0.140	0.133	0.133	read 340:340 Read#3
C	0.135	0.142	0.143	0.153	0.164	0.154	0.186	0.160	0.152	0.162	0.139	0.141	read 340:340 Read#3
D	0.152	0.154	0.147	0.155	0.154	0.156	0.141	0.149	0.159	0.102	0.099	0.098	read 340:340 Read#3
E	0.138	0.149	0.166	0.164	0.153	0.147	0.150	0.132	0.141	0.133	0.139	0.115	read 340:340 Read#3
F	0.133	0.141	0.143	0.137	0.147	0.142	0.144	0.141	0.132	0.125	0.129	0.131	read 340:340 Read#3
G	0.127	0.130	0.132	0.131	0.144	0.143	0.154	0.135	0.133	0.132	0.130	0.116	read 340:340 Read#3
H	0.133	0.137	0.133	0.140	0.135	0.140	0.132	0.134	0.135	0.092	0.095	0.098	read 340:340 Read#3

read 340:340
Kinetic read 4 (0:01:08)
	1	2	3	4	5	6	7	8	9	10	11	12
A	0.129	0.147	0.156	0.147	0.146	0.139	0.146	0.132	0.123	0.127	0.127	0.129	read 340:340 Read#4
B	0.137	0.143	0.146	0.146	0.151	0.147	0.150	0.149	0.148	0.140	0.133	0.133	read 340:340 Read#4
C	0.135	0.142	0.142	0.153	0.164	0.154	0.185	0.160	0.152	0.162	0.140	0.142	read 340:340 Read#4
D	0.153	0.155	0.148	0.156	0.155	0.157	0.144	0.149	0.161	0.102	0.099	0.099	read 340:340 Read#4
E	0.137	0.148	0.165	0.164	0.154	0.148	0.150	0.132	0.140	0.133	0.138	0.115	read 340:340 Read#4
F	0.134	0.142	0.143	0.137	0.147	0.142	0.145	0.142	0.133	0.125	0.128	0.130	read 340:340 Read#4
G	0.126	0.131	0.132	0.132	0.144	0.142	0.155	0.135	0.134	0.133	0.130	0.116	read 340:340 Read#4
H	0.133	0.136	0.133	0.140	0.136	0.140	0.133	0.134	0.134	0.092	0.095	0.098	read 340:340 Read#4

read 340:340
Kinetic read 5 (0:01:29)
	1	2	3	4	5	6	7	8	9	10	11	12
A	0.129	0.147	0.156	0.146	0.147	0.140	0.146	0.132	0.123	0.127	0.126	0.129	read 340:340 Read#5
B	0.137	0.144	0.147	0.146	0.151	0.146	0.151	0.149	0.148	0.140	0.133	0.133	read 340:340 Read#5
C	0.135	0.141	0.142	0.152	0.164	0.154	0.184	0.160	0.152	0.162	0.141	0.142	read 340:340 Read#5
D	0.153	0.156	0.150	0.157	0.156	0.158	0.146	0.151	0.161	0.102	0.100	0.099	read 340:340 Read#5
E	0.137	0.148	0.166	0.164	0.154	0.148	0.149	0.133	0.140	0.133	0.139	0.115	read 340:340 Read#5
F	0.133	0.142	0.143	0.137	0.147	0.142	0.144	0.142	0.132	0.125	0.128	0.130	read 340:340 Read#5
G	0.127	0.131	0.132	0.133	0.145	0.142	0.155	0.136	0.134	0.133	0.130	0.115	read 340:340 Read#5
H	0.134	0.135	0.133	0.140	0.136	0.140	0.133	0.134	0.134	0.092	0.096	0.098	read 340:340 Read#5

read 340:340
Kinetic read 6 (0:01:50)
	1	2	3	4	5	6	7	8	9	10	11	12
A	0.129	0.147	0.156	0.146	0.147	0.141	0.145	0.133	0.124	0.127	0.126	0.129	read 340:340 Read#6
B	0.137	0.144	0.147	0.146	0.150	0.146	0.151	0.148	0.148	0.140	0.133	0.132	read 340:340 Read#6
C	0.135	0.141	0.142	0.152	0.164	0.154	0.184	0.160	0.152	0.162	0.142	0.142	read 340:340 Read#6
D	0.154	0.157	0.151	0.158	0.156	0.159	0.147	0.152	0.163	0.102	0.099	0.099	read 340:340 Read#6
E	0.137	0.148	0.166	0.164	0.155	0.147	0.149	0.134	0.140	0.133	0.138	0.115	read 340:340 Read#6
F	0.132	0.142	0.143	0.137	0.147	0.142	0.144	0.141	0.133	0.125	0.128	0.129	read 340:340 Read#6
G	0.126	0.131	0.131	0.132	0.146	0.142	0.155	0.136	0.133	0.134	0.130	0.115	read 340:340 Read#6
H	0.134	0.135	0.133	0.140	0.136	0.140	0.133	0.134	0.134	0.092	0.095	0.098	read 340:340 Read#6

read 340:340
Kinetic read 7 (0:02:11)
	1	2	3	4	5	6	7	8	9	10	11	12
A	0.128	0.147	0.156	0.146	0.146	0.139	0.145	0.133	0.124	0.127	0.126	0.129	read 340:340 Read#7
B	0.137	0.145	0.146	0.145	0.149	0.146	0.151	0.149	0.148	0.140	0.133	0.132	read 340:340 Read#7
C	0.136	0.141	0.141	0.152	0.164	0.155	0.183	0.160	0.153	0.162	0.142	0.141	read 340:340 Read#7
D	0.155	0.158	0.151	0.159	0.158	0.161	0.149	0.153	0.163	0.102	0.099	0.099	read 340:340 Read#7
E	0.137	0.148	0.167	0.164	0.154	0.147	0.148	0.134	0.140	0.133	0.138	0.115	read 340:340 Read#7
F	0.132	0.142	0.143	0.137	0.146	0.142	0.144	0.141	0.133	0.125	0.128	0.129	read 340:340 Read#7
G	0.125	0.131	0.132	0.132	0.146	0.142	0.155	0.136	0.134	0.135	0.130	0.115	read 340:340 Read#7
H	0.134	0.135	0.133	0.140	0.136	0.139	0.132	0.134	0.134	0.092	0.095	0.097	read 340:340 Read#7

read 340:340
Kinetic read 8 (0:02:32)
	1	2	3	4	5	6	7	8	9	10	11	12
A	0.127	0.147	0.156	0.146	0.147	0.139	0.144	0.133	0.124	0.127	0.126	0.128	read 340:340 Read#8
B	0.137	0.144	0.146	0.145	0.149	0.146	0.151	0.147	0.147	0.140	0.133	0.131	read 340:340 Read#8
C	0.136	0.141	0.142	0.152	0.164	0.155	0.183	0.160	0.153	0.161	0.143	0.142	read 340:340 Read#8
D	0.157	0.159	0.153	0.160	0.158	0.162	0.150	0.154	0.164	0.102	0.099	0.099	read 340:340 Read#8
E	0.137	0.148	0.167	0.163	0.154	0.147	0.149	0.134	0.141	0.133	0.139	0.115	read 340:340 Read#8
F	0.131	0.142	0.143	0.137	0.146	0.143	0.144	0.141	0.132	0.125	0.128	0.129	read 340:340 Read#8
G	0.123	0.130	0.132	0.132	0.146	0.142	0.155	0.136	0.133	0.136	0.130	0.115	read 340:340 Read#8
H	0.134	0.134	0.133	0.140	0.136	0.139	0.133	0.134	0.135	0.092	0.095	0.097	read 340:340 Read#8

read 340:340
Kinetic read 9 (0:02:53)
	1	2	3	4	5	6	7	8	9	10	11	12
A	0.128	0.147	0.155	0.145	0.146	0.139	0.144	0.133	0.125	0.128	0.126	0.129	read 340:340 Read#9
B	0.137	0.144	0.147	0.145	0.149	0.146	0.150	0.148	0.147	0.140	0.133	0.131	read 340:340 Read#9
C	0.135	0.140	0.141	0.151	0.164	0.155	0.183	0.160	0.154	0.161	0.144	0.142	read 340:340 Read#9
D	0.157	0.160	0.154	0.161	0.159	0.163	0.152	0.155	0.165	0.102	0.099	0.099	read 340:340 Read#9
E	0.137	0.148	0.166	0.164	0.154	0.148	0.150	0.135	0.140	0.133	0.138	0.114	read 340:340 Read#9
F	0.131	0.141	0.143	0.137	0.147	0.142	0.145	0.141	0.133	0.125	0.128	0.129	read 340:340 Read#9
G	0.123	0.130	0.132	0.132	0.147	0.143	0.156	0.136	0.133	0.136	0.130	0.114	read 340:340 Read#9
H	0.134	0.134	0.133	0.140	0.136	0.140	0.133	0.134	0.135	0.092	0.096	0.098	read 340:340 Read#9

read 340:340
Kinetic read 10 (0:03:14)
	1	2	3	4	5	6	7	8	9	10	11	12
A	0.128	0.146	0.155	0.146	0.146	0.139	0.145	0.132	0.125	0.128	0.125	0.128	read 340:340 Read#10
B	0.137	0.144	0.146	0.144	0.149	0.146	0.150	0.148	0.147	0.140	0.133	0.131	read 340:340 Read#10
C	0.136	0.141	0.142	0.151	0.164	0.155	0.182	0.160	0.154	0.161	0.145	0.143	read 340:340 Read#10
D	0.158	0.162	0.154	0.162	0.160	0.164	0.153	0.156	0.166	0.102	0.099	0.099	read 340:340 Read#10
E	0.137	0.148	0.166	0.163	0.154	0.148	0.148	0.135	0.140	0.133	0.138	0.114	read 340:340 Read#10
F	0.131	0.141	0.143	0.137	0.146	0.142	0.144	0.141	0.132	0.124	0.128	0.128	read 340:340 Read#10
G	0.124	0.130	0.132	0.132	0.147	0.143	0.155	0.135	0.133	0.136	0.130	0.114	read 340:340 Read#10
H	0.134	0.134	0.132	0.140	0.137	0.139	0.133	0.134	0.135	0.092	0.095	0.097	read 340:340 Read#10

read 340:340
Kinetic read 11 (0:03:35)
	1	2	3	4	5	6	7	8	9	10	11	12
A	0.128	0.147	0.155	0.146	0.146	0.140	0.144	0.133	0.124	0.128	0.125	0.128	read 340:340 Read#11
B	0.136	0.144	0.146	0.144	0.148	0.146	0.151	0.148	0.147	0.141	0.133	0.130	read 340:340 Read#11
C	0.136	0.140	0.141	0.151	0.164	0.156	0.182	0.160	0.154	0.162	0.146	0.143	read 340:340 Read#11
D	0.158	0.162	0.156	0.163	0.161	0.165	0.154	0.157	0.167	0.102	0.099	0.099	read 340:340 Read#11
E	0.136	0.147	0.166	0.164	0.155	0.148	0.149	0.135	0.140	0.133	0.138	0.114	read 340:340 Read#11
F	0.131	0.141	0.143	0.137	0.146	0.142	0.144	0.141	0.132	0.124	0.128	0.128	read 340:340 Read#11
G	0.125	0.130	0.132	0.132	0.147	0.143	0.156	0.135	0.133	0.135	0.130	0.114	read 340:340 Read#11
H	0.133	0.134	0.133	0.140	0.136	0.139	0.133	0.135	0.136	0.092	0.096	0.098	read 340:340 Read#11

read 340:340
Kinetic read 12 (0:03:56)
	1	2	3	4	5	6	7	8	9	10	11	12
A	0.127	0.146	0.155	0.145	0.146	0.138	0.144	0.133	0.125	0.128	0.125	0.128	read 340:340 Read#12
B	0.136	0.144	0.146	0.144	0.148	0.146	0.151	0.147	0.146	0.140	0.133	0.130	read 340:340 Read#12
C	0.135	0.140	0.140	0.151	0.164	0.156	0.182	0.160	0.154	0.162	0.146	0.144	read 340:340 Read#12
D	0.159	0.163	0.156	0.164	0.161	0.166	0.156	0.158	0.168	0.102	0.099	0.099	read 340:340 Read#12
E	0.136	0.148	0.166	0.163	0.154	0.148	0.150	0.135	0.139	0.132	0.138	0.114	read 340:340 Read#12
F	0.131	0.141	0.143	0.137	0.146	0.143	0.144	0.141	0.132	0.124	0.128	0.128	read 340:340 Read#12
G	0.124	0.130	0.131	0.132	0.147	0.143	0.156	0.134	0.133	0.136	0.131	0.114	read 340:340 Read#12
H	0.134	0.134	0.133	0.140	0.136	0.139	0.133	0.134	0.136	0.092	0.096	0.098	read 340:340 Read#12

read 340:340
Kinetic read 13 (0:04:17)
	1	2	3	4	5	6	7	8	9	10	11	12
A	0.128	0.146	0.155	0.145	0.146	0.139	0.144	0.133	0.125	0.127	0.125	0.128	read 340:340 Read#13
B	0.136	0.144	0.146	0.144	0.148	0.145	0.150	0.147	0.146	0.140	0.132	0.130	read 340:340 Read#13
C	0.135	0.140	0.141	0.151	0.164	0.156	0.182	0.160	0.154	0.162	0.146	0.145	read 340:340 Read#13
D	0.160	0.164	0.157	0.165	0.162	0.167	0.157	0.159	0.168	0.102	0.099	0.099	read 340:340 Read#13
E	0.136	0.147	0.165	0.163	0.154	0.148	0.149	0.136	0.139	0.133	0.138	0.114	read 340:340 Read#13
F	0.131	0.141	0.143	0.137	0.145	0.142	0.144	0.141	0.132	0.124	0.128	0.127	read 340:340 Read#13
G	0.124	0.129	0.131	0.132	0.148	0.143	0.156	0.134	0.133	0.136	0.130	0.114	read 340:340 Read#13
H	0.134	0.133	0.132	0.140	0.136	0.139	0.133	0.134	0.136	0.092	0.095	0.098	read 340:340 Read#13

read 340:340
Kinetic read 14 (0:04:38)
	1	2	3	4	5	6	7	8	9	10	11	12
A	0.127	0.146	0.155	0.145	0.145	0.139	0.144	0.133	0.126	0.127	0.125	0.128	read 340:340 Read#14
B	0.136	0.144	0.146	0.144	0.148	0.145	0.150	0.148	0.147	0.140	0.133	0.130	read 340:340 Read#14
C	0.135	0.140	0.140	0.150	0.164	0.156	0.181	0.161	0.154	0.162	0.147	0.147	read 340:340 Read#14
D	0.160	0.166	0.159	0.166	0.162	0.168	0.158	0.160	0.169	0.102	0.100	0.099	read 340:340 Read#14
E	0.136	0.147	0.165	0.162	0.154	0.148	0.149	0.136	0.140	0.133	0.137	0.114	read 340:340 Read#14
F	0.131	0.140	0.142	0.137	0.145	0.142	0.144	0.141	0.132	0.124	0.128	0.127	read 340:340 Read#14
G	0.124	0.129	0.130	0.132	0.147	0.143	0.156	0.134	0.133	0.136	0.130	0.114	read 340:340 Read#14
H	0.133	0.134	0.133	0.140	0.136	0.139	0.133	0.134	0.136	0.092	0.096	0.098	read 340:340 Read#14

read 340:340
Kinetic read 15 (0:04:59)
	1	2	3	4	5	6	7	8	9	10	11	12
A	0.128	0.146	0.155	0.145	0.144	0.139	0.144	0.133	0.126	0.128	0.124	0.128	read 340:340 Read#15
B	0.136	0.144	0.146	0.144	0.148	0.145	0.150	0.147	0.146	0.139	0.133	0.129	read 340:340 Read#15
C	0.135	0.140	0.140	0.150	0.163	0.157	0.181	0.161	0.155	0.162	0.148	0.147	read 340:340 Read#15
D	0.161	0.166	0.159	0.167	0.163	0.169	0.159	0.161	0.170	0.103	0.099	0.099	read 340:340 Read#15
E	0.136	0.147	0.165	0.162	0.155	0.148	0.149	0.136	0.139	0.133	0.138	0.114	read 340:340 Read#15
F	0.130	0.141	0.142	0.137	0.145	0.142	0.144	0.141	0.131	0.124	0.127	0.127	read 340:340 Read#15
G	0.125	0.129	0.130	0.132	0.147	0.143	0.156	0.134	0.133	0.136	0.130	0.114	read 340:340 Read#15
H	0.133	0.133	0.133	0.139	0.136	0.139	0.133	0.134	0.135	0.092	0.095	0.098	read 340:340 Read#15

read 340:340
Kinetic read 16 (0:05:20)
	1	2	3	4	5	6	7	8	9	10	11	12
A	0.128	0.146	0.155	0.144	0.144	0.140	0.144	0.134	0.126	0.128	0.125	0.128	read 340:340 Read#16
B	0.135	0.143	0.145	0.144	0.148	0.145	0.150	0.147	0.146	0.139	0.132	0.130	read 340:340 Read#16
C	0.136	0.140	0.140	0.150	0.163	0.157	0.181	0.161	0.155	0.162	0.148	0.148	read 340:340 Read#16
D	0.162	0.167	0.160	0.168	0.164	0.170	0.160	0.162	0.171	0.102	0.099	0.099	read 340:340 Read#16
E	0.137	0.147	0.165	0.162	0.154	0.148	0.150	0.136	0.139	0.133	0.137	0.114	read 340:340 Read#16
F	0.130	0.140	0.142	0.137	0.145	0.142	0.144	0.141	0.131	0.124	0.127	0.127	read 340:340 Read#16
G	0.126	0.129	0.130	0.132	0.147	0.143	0.156	0.134	0.132	0.136	0.131	0.114	read 340:340 Read#16
H	0.133	0.133	0.133	0.139	0.136	0.139	0.133	0.134	0.136	0.091	0.095	0.097	read 340:340 Read#16

read 340:340
Kinetic read 17 (0:05:41)
	1	2	3	4	5	6	7	8	9	10	11	12
A	0.127	0.145	0.155	0.144	0.144	0.141	0.144	0.133	0.126	0.128	0.125	0.127	read 340:340 Read#17
B	0.135	0.143	0.145	0.144	0.148	0.145	0.150	0.147	0.146	0.138	0.132	0.129	read 340:340 Read#17
C	0.135	0.140	0.140	0.150	0.163	0.157	0.181	0.161	0.155	0.162	0.149	0.149	read 340:340 Read#17
D	0.162	0.168	0.161	0.169	0.164	0.171	0.161	0.163	0.171	0.102	0.099	0.099	read 340:340 Read#17
E	0.137	0.147	0.165	0.163	0.154	0.148	0.150	0.137	0.140	0.133	0.137	0.114	read 340:340 Read#17
F	0.130	0.140	0.142	0.137	0.145	0.141	0.144	0.141	0.131	0.123	0.127	0.127	read 340:340 Read#17
G	0.126	0.129	0.130	0.132	0.147	0.143	0.156	0.134	0.133	0.135	0.131	0.115	read 340:340 Read#17
H	0.133	0.133	0.133	0.138	0.136	0.140	0.133	0.134	0.136	0.092	0.095	0.098	read 340:340 Read#17

read 340:340
Kinetic read 18 (0:06:02)
	1	2	3	4	5	6	7	8	9	10	11	12
A	0.127	0.145	0.154	0.144	0.143	0.139	0.144	0.133	0.126	0.128	0.125	0.128	read 340:340 Read#18
B	0.135	0.143	0.145	0.143	0.148	0.145	0.150	0.147	0.146	0.139	0.133	0.129	read 340:340 Read#18
C	0.135	0.140	0.140	0.149	0.164	0.157	0.181	0.161	0.155	0.162	0.150	0.150	read 340:340 Read#18
D	0.163	0.169	0.162	0.170	0.165	0.172	0.163	0.164	0.172	0.102	0.099	0.099	read 340:340 Read#18
E	0.137	0.147	0.165	0.162	0.154	0.148	0.150	0.137	0.139	0.133	0.137	0.114	read 340:340 Read#18
F	0.130	0.140	0.142	0.137	0.145	0.142	0.144	0.141	0.131	0.124	0.127	0.127	read 340:340 Read#18
G	0.125	0.129	0.130	0.132	0.147	0.143	0.156	0.134	0.132	0.135	0.131	0.114	read 340:340 Read#18
H	0.133	0.133	0.133	0.138	0.136	0.139	0.133	0.134	0.136	0.092	0.096	0.098	read 340:340 Read#18

read 340:340
Kinetic read 19 (0:06:23)
	1	2	3	4	5	6	7	8	9	10	11	12
A	0.127	0.145	0.154	0.144	0.144	0.140	0.145	0.134	0.126	0.128	0.125	0.127	read 340:340 Read#19
B	0.136	0.143	0.145	0.143	0.148	0.145	0.149	0.148	0.146	0.139	0.133	0.129	read 340:340 Read#19
C	0.135	0.140	0.140	0.149	0.163	0.157	0.181	0.161	0.155	0.163	0.151	0.150	read 340:340 Read#19
D	0.164	0.170	0.163	0.171	0.165	0.173	0.164	0.165	0.173	0.103	0.099	0.099	read 340:340 Read#19
E	0.137	0.146	0.165	0.162	0.154	0.148	0.150	0.137	0.139	0.132	0.137	0.114	read 340:340 Read#19
F	0.130	0.140	0.142	0.137	0.145	0.142	0.144	0.141	0.131	0.123	0.127	0.127	read 340:340 Read#19
G	0.125	0.129	0.130	0.132	0.147	0.143	0.156	0.134	0.132	0.135	0.131	0.115	read 340:340 Read#19
H	0.133	0.133	0.133	0.137	0.136	0.139	0.132	0.134	0.137	0.092	0.095	0.098	read 340:340 Read#19

read 340:340
Kinetic read 20 (0:06:44)
	1	2	3	4	5	6	7	8	9	10	11	12
A	0.127	0.146	0.154	0.144	0.144	0.140	0.144	0.133	0.126	0.129	0.125	0.127	read 340:340 Read#20
B	0.135	0.143	0.145	0.143	0.148	0.144	0.150	0.147	0.146	0.139	0.133	0.129	read 340:340 Read#20
C	0.135	0.140	0.139	0.149	0.165	0.157	0.181	0.161	0.155	0.163	0.151	0.151	read 340:340 Read#20
D	0.165	0.171	0.164	0.172	0.166	0.174	0.165	0.165	0.174	0.102	0.099	0.099	read 340:340 Read#20
E	0.137	0.147	0.164	0.162	0.154	0.148	0.150	0.137	0.139	0.132	0.137	0.114	read 340:340 Read#20
F	0.130	0.140	0.141	0.137	0.145	0.141	0.143	0.142	0.131	0.123	0.127	0.126	read 340:340 Read#20
G	0.125	0.128	0.130	0.132	0.147	0.143	0.156	0.134	0.132	0.134	0.131	0.115	read 340:340 Read#20
H	0.133	0.133	0.133	0.137	0.136	0.139	0.132	0.134	0.137	0.092	0.095	0.098	read 340:340 Read#20

read 340:340
Kinetic read 21 (0:07:05)
	1	2	3	4	5	6	7	8	9	10	11	12
A	0.126	0.145	0.154	0.144	0.143	0.140	0.145	0.133	0.126	0.128	0.124	0.127	read 340:340 Read#21
B	0.135	0.143	0.145	0.143	0.147	0.144	0.150	0.147	0.145	0.139	0.133	0.129	read 340:340 Read#21
C	0.135	0.140	0.139	0.149	0.163	0.157	0.180	0.161	0.155	0.163	0.152	0.152	read 340:340 Read#21
D	0.165	0.171	0.164	0.172	0.167	0.175	0.166	0.167	0.175	0.102	0.099	0.099	read 340:340 Read#21
E	0.137	0.146	0.164	0.162	0.154	0.148	0.149	0.137	0.139	0.132	0.137	0.114	read 340:340 Read#21
F	0.130	0.140	0.141	0.137	0.145	0.141	0.144	0.141	0.130	0.123	0.126	0.126	read 340:340 Read#21
G	0.125	0.129	0.131	0.132	0.147	0.143	0.156	0.134	0.132	0.134	0.130	0.115	read 340:340 Read#21
H	0.133	0.132	0.133	0.136	0.136	0.139	0.132	0.134	0.137	0.092	0.095	0.098	read 340:340 Read#21

read 340:340
Kinetic read 22 (0:07:26)
	1	2	3	4	5	6	7	8	9	10	11	12
A	0.127	0.145	0.154	0.143	0.143	0.139	0.144	0.134	0.126	0.128	0.124	0.127	read 340:340 Read#22
B	0.135	0.143	0.146	0.143	0.147	0.144	0.149	0.147	0.145	0.139	0.133	0.129	read 340:340 Read#22
C	0.134	0.140	0.139	0.148	0.163	0.158	0.180	0.161	0.156	0.164	0.152	0.153	read 340:340 Read#22
D	0.166	0.172	0.165	0.173	0.168	0.176	0.167	0.168	0.175	0.102	0.099	0.099	read 340:340 Read#22
E	0.137	0.146	0.164	0.162	0.154	0.147	0.149	0.137	0.138	0.132	0.136	0.114	read 340:340 Read#22
F	0.129	0.140	0.142	0.137	0.145	0.141	0.143	0.141	0.131	0.123	0.126	0.126	read 340:340 Read#22
G	0.126	0.128	0.132	0.132	0.147	0.143	0.156	0.134	0.132	0.134	0.131	0.115	read 340:340 Read#22
H	0.133	0.133	0.133	0.136	0.136	0.138	0.132	0.134	0.137	0.092	0.096	0.098	read 340:340 Read#22

read 340:340
Kinetic read 23 (0:07:47)
	1	2	3	4	5	6	7	8	9	10	11	12
A	0.126	0.145	0.154	0.144	0.143	0.139	0.145	0.133	0.126	0.129	0.124	0.127	read 340:340 Read#23
B	0.135	0.143	0.145	0.143	0.147	0.144	0.149	0.146	0.145	0.138	0.133	0.129	read 340:340 Read#23
C	0.135	0.140	0.139	0.148	0.163	0.157	0.180	0.161	0.156	0.164	0.153	0.153	read 340:340 Read#23
D	0.166	0.173	0.166	0.174	0.168	0.177	0.168	0.169	0.176	0.102	0.099	0.099	read 340:340 Read#23
E	0.137	0.146	0.164	0.162	0.154	0.147	0.150	0.137	0.138	0.132	0.137	0.114	read 340:340 Read#23
F	0.129	0.139	0.141	0.137	0.144	0.141	0.143	0.141	0.130	0.122	0.126	0.125	read 340:340 Read#23
G	0.125	0.128	0.131	0.132	0.147	0.144	0.156	0.134	0.132	0.135	0.131	0.115	read 340:340 Read#23
H	0.134	0.133	0.133	0.136	0.136	0.138	0.132	0.133	0.138	0.092	0.095	0.098	read 340:340 Read#23

read 340:340
Kinetic read 24 (0:08:08)
	1	2	3	4	5	6	7	8	9	10	11	12
A	0.126	0.145	0.154	0.144	0.143	0.139	0.145	0.134	0.126	0.129	0.124	0.127	read 340:340 Read#24
B	0.135	0.142	0.145	0.143	0.147	0.144	0.149	0.146	0.145	0.138	0.133	0.128	read 340:340 Read#24
C	0.135	0.140	0.139	0.148	0.163	0.158	0.180	0.161	0.156	0.164	0.154	0.154	read 340:340 Read#24
D	0.167	0.174	0.167	0.175	0.169	0.178	0.169	0.169	0.177	0.102	0.099	0.099	read 340:340 Read#24
E	0.137	0.146	0.164	0.162	0.154	0.148	0.150	0.137	0.139	0.132	0.136	0.114	read 340:340 Read#24
F	0.129	0.139	0.141	0.137	0.144	0.141	0.143	0.140	0.131	0.123	0.126	0.126	read 340:340 Read#24
G	0.124	0.128	0.132	0.132	0.147	0.144	0.156	0.134	0.132	0.135	0.131	0.115	read 340:340 Read#24
H	0.133	0.132	0.133	0.136	0.136	0.138	0.132	0.134	0.138	0.092	0.096	0.098	read 340:340 Read#24

read 340:340
Kinetic read 25 (0:08:29)
	1	2	3	4	5	6	7	8	9	10	11	12
A	0.127	0.145	0.154	0.144	0.143	0.139	0.144	0.134	0.126	0.129	0.124	0.127	read 340:340 Read#25
B	0.135	0.142	0.145	0.142	0.147	0.143	0.149	0.147	0.145	0.138	0.133	0.128	read 340:340 Read#25
C	0.134	0.140	0.139	0.148	0.162	0.158	0.180	0.162	0.156	0.165	0.154	0.155	read 340:340 Read#25
D	0.168	0.175	0.168	0.176	0.170	0.179	0.170	0.170	0.178	0.102	0.099	0.099	read 340:340 Read#25
E	0.137	0.146	0.164	0.162	0.154	0.148	0.149	0.137	0.139	0.132	0.137	0.113	read 340:340 Read#25
F	0.129	0.139	0.141	0.137	0.145	0.141	0.144	0.140	0.130	0.123	0.126	0.126	read 340:340 Read#25
G	0.124	0.128	0.131	0.132	0.147	0.144	0.156	0.134	0.132	0.134	0.131	0.116	read 340:340 Read#25
H	0.134	0.132	0.133	0.136	0.136	0.139	0.132	0.134	0.138	0.092	0.095	0.098	read 340:340 Read#25

read 340:340
Kinetic read 26 (0:08:50)
	1	2	3	4	5	6	7	8	9	10	11	12
A	0.126	0.145	0.154	0.144	0.143	0.139	0.144	0.134	0.127	0.129	0.124	0.127	read 340:340 Read#26
B	0.135	0.142	0.144	0.143	0.147	0.143	0.150	0.147	0.145	0.138	0.132	0.128	read 340:340 Read#26
C	0.134	0.139	0.138	0.148	0.163	0.158	0.180	0.162	0.156	0.165	0.155	0.156	read 340:340 Read#26
D	0.168	0.176	0.169	0.176	0.170	0.180	0.171	0.171	0.178	0.102	0.099	0.099	read 340:340 Read#26
E	0.137	0.146	0.164	0.161	0.153	0.148	0.150	0.137	0.138	0.132	0.137	0.114	read 340:340 Read#26
F	0.129	0.139	0.141	0.136	0.144	0.141	0.144	0.140	0.130	0.123	0.126	0.126	read 340:340 Read#26
G	0.125	0.128	0.131	0.132	0.147	0.143	0.156	0.134	0.132	0.135	0.131	0.116	read 340:340 Read#26
H	0.134	0.132	0.133	0.136	0.136	0.139	0.132	0.133	0.138	0.092	0.095	0.098	read 340:340 Read#26

read 340:340
Kinetic read 27 (0:09:11)
	1	2	3	4	5	6	7	8	9	10	11	12
A	0.126	0.145	0.155	0.143	0.143	0.139	0.145	0.133	0.127	0.130	0.124	0.127	read 340:340 Read#27
B	0.135	0.142	0.144	0.142	0.147	0.143	0.150	0.146	0.145	0.138	0.132	0.128	read 340:340 Read#27
C	0.135	0.140	0.138	0.148	0.162	0.158	0.180	0.162	0.157	0.165	0.155	0.157	read 340:340 Read#27
D	0.169	0.177	0.169	0.177	0.171	0.181	0.171	0.171	0.179	0.102	0.099	0.098	read 340:340 Read#27
E	0.137	0.146	0.164	0.162	0.153	0.147	0.149	0.137	0.139	0.132	0.136	0.114	read 340:340 Read#27
F	0.129	0.139	0.141	0.137	0.144	0.141	0.143	0.140	0.130	0.123	0.126	0.126	read 340:340 Read#27
G	0.126	0.128	0.131	0.131	0.147	0.144	0.156	0.134	0.132	0.134	0.131	0.116	read 340:340 Read#27
H	0.134	0.132	0.133	0.136	0.136	0.138	0.132	0.133	0.139	0.092	0.095	0.098	read 340:340 Read#27

read 340:340
Kinetic read 28 (0:09:32)
	1	2	3	4	5	6	7	8	9	10	11	12
A	0.125	0.145	0.154	0.143	0.143	0.139	0.145	0.133	0.127	0.130	0.124	0.127	read 340:340 Read#28
B	0.135	0.142	0.144	0.142	0.147	0.143	0.149	0.147	0.145	0.138	0.132	0.128	read 340:340 Read#28
C	0.135	0.139	0.138	0.147	0.163	0.158	0.180	0.162	0.157	0.165	0.156	0.157	read 340:340 Read#28
D	0.170	0.178	0.170	0.178	0.172	0.182	0.172	0.172	0.180	0.102	0.099	0.099	read 340:340 Read#28
E	0.137	0.146	0.164	0.161	0.153	0.147	0.150	0.137	0.139	0.132	0.136	0.113	read 340:340 Read#28
F	0.129	0.139	0.141	0.136	0.144	0.141	0.142	0.140	0.130	0.123	0.126	0.126	read 340:340 Read#28
G	0.126	0.128	0.130	0.131	0.146	0.144	0.156	0.134	0.132	0.135	0.132	0.116	read 340:340 Read#28
H	0.134	0.132	0.133	0.136	0.136	0.138	0.132	0.134	0.139	0.091	0.095	0.097	read 340:340 Read#28

read 340:340
Kinetic read 29 (0:09:53)
	1	2	3	4	5	6	7	8	9	10	11	12
A	0.125	0.144	0.154	0.144	0.144	0.139	0.144	0.133	0.127	0.129	0.124	0.127	read 340:340 Read#29
B	0.135	0.142	0.144	0.142	0.147	0.143	0.149	0.147	0.145	0.138	0.133	0.128	read 340:340 Read#29
C	0.135	0.139	0.138	0.147	0.163	0.159	0.180	0.162	0.157	0.166	0.156	0.158	read 340:340 Read#29
D	0.170	0.178	0.171	0.179	0.172	0.183	0.173	0.173	0.180	0.102	0.099	0.099	read 340:340 Read#29
E	0.137	0.146	0.163	0.161	0.153	0.148	0.150	0.137	0.138	0.132	0.136	0.115	read 340:340 Read#29
F	0.129	0.139	0.140	0.136	0.144	0.141	0.144	0.141	0.130	0.122	0.126	0.126	read 340:340 Read#29
G	0.125	0.128	0.130	0.131	0.147	0.144	0.156	0.134	0.132	0.135	0.131	0.116	read 340:340 Read#29
H	0.133	0.133	0.133	0.136	0.136	0.138	0.132	0.134	0.140	0.092	0.096	0.098	read 340:340 Read#29

read 340:340
Kinetic read 30 (0:10:14)
	1	2	3	4	5	6	7	8	9	10	11	12
A	0.125	0.145	0.154	0.144	0.143	0.139	0.144	0.134	0.127	0.130	0.124	0.127	read 340:340 Read#30
B	0.135	0.142	0.144	0.142	0.146	0.143	0.149	0.146	0.145	0.137	0.133	0.128	read 340:340 Read#30
C	0.134	0.139	0.138	0.147	0.163	0.159	0.180	0.162	0.158	0.166	0.157	0.159	read 340:340 Read#30
D	0.171	0.179	0.171	0.179	0.173	0.184	0.175	0.174	0.181	0.102	0.099	0.099	read 340:340 Read#30
E	0.137	0.146	0.164	0.161	0.153	0.147	0.150	0.137	0.139	0.132	0.136	0.114	read 340:340 Read#30
F	0.129	0.139	0.140	0.137	0.144	0.141	0.143	0.140	0.129	0.123	0.125	0.126	read 340:340 Read#30
G	0.124	0.127	0.130	0.131	0.146	0.144	0.155	0.134	0.132	0.134	0.132	0.116	read 340:340 Read#30
H	0.133	0.132	0.133	0.136	0.136	0.138	0.132	0.133	0.140	0.092	0.096	0.098	read 340:340 Read#30

read 340:340
Kinetic read 31 (0:10:35)
	1	2	3	4	5	6	7	8	9	10	11	12
A	0.126	0.145	0.153	0.144	0.143	0.139	0.144	0.133	0.127	0.130	0.124	0.127	read 340:340 Read#31
B	0.135	0.142	0.144	0.142	0.147	0.143	0.149	0.146	0.145	0.137	0.132	0.128	read 340:340 Read#31
C	0.134	0.139	0.138	0.147	0.163	0.159	0.180	0.162	0.158	0.166	0.158	0.159	read 340:340 Read#31
D	0.171	0.180	0.173	0.181	0.174	0.184	0.175	0.175	0.182	0.102	0.100	0.099	read 340:340 Read#31
E	0.137	0.146	0.164	0.161	0.153	0.147	0.150	0.137	0.139	0.132	0.136	0.114	read 340:340 Read#31
F	0.129	0.138	0.140	0.136	0.143	0.141	0.143	0.139	0.129	0.122	0.125	0.125	read 340:340 Read#31
G	0.126	0.128	0.130	0.131	0.146	0.144	0.156	0.134	0.132	0.135	0.132	0.116	read 340:340 Read#31
H	0.134	0.132	0.132	0.136	0.136	0.138	0.132	0.133	0.140	0.092	0.096	0.098	read 340:340 Read#31

read 340:340
Kinetic read 32 (0:10:56)
	1	2	3	4	5	6	7	8	9	10	11	12
A	0.127	0.145	0.154	0.144	0.143	0.139	0.144	0.133	0.126	0.129	0.124	0.127	read 340:340 Read#32
B	0.135	0.141	0.144	0.142	0.146	0.143	0.149	0.146	0.145	0.137	0.132	0.128	read 340:340 Read#32
C	0.135	0.139	0.138	0.146	0.162	0.159	0.180	0.163	0.158	0.166	0.157	0.160	read 340:340 Read#32
D	0.172	0.181	0.173	0.181	0.174	0.185	0.176	0.176	0.182	0.102	0.099	0.099	read 340:340 Read#32
E	0.137	0.146	0.163	0.161	0.153	0.147	0.150	0.137	0.139	0.132	0.136	0.114	read 340:340 Read#32
F	0.128	0.138	0.140	0.136	0.144	0.140	0.143	0.139	0.129	0.122	0.125	0.125	read 340:340 Read#32
G	0.126	0.128	0.130	0.131	0.146	0.144	0.156	0.134	0.132	0.135	0.132	0.116	read 340:340 Read#32
H	0.134	0.133	0.132	0.136	0.136	0.138	0.132	0.133	0.141	0.091	0.095	0.098	read 340:340 Read#32

read 340:340
Kinetic read 33 (0:11:17)
	1	2	3	4	5	6	7	8	9	10	11	12
A	0.128	0.145	0.154	0.144	0.143	0.139	0.144	0.133	0.127	0.130	0.124	0.127	read 340:340 Read#33
B	0.135	0.141	0.143	0.142	0.146	0.143	0.149	0.146	0.145	0.137	0.132	0.128	read 340:340 Read#33
C	0.135	0.139	0.138	0.147	0.163	0.159	0.180	0.162	0.158	0.166	0.159	0.161	read 340:340 Read#33
D	0.172	0.181	0.174	0.182	0.175	0.186	0.177	0.177	0.183	0.102	0.099	0.099	read 340:340 Read#33
E	0.137	0.146	0.163	0.161	0.153	0.147	0.149	0.137	0.138	0.132	0.136	0.114	read 340:340 Read#33
F	0.129	0.139	0.139	0.137	0.144	0.140	0.143	0.139	0.129	0.122	0.125	0.125	read 340:340 Read#33
G	0.125	0.128	0.130	0.131	0.146	0.144	0.156	0.134	0.132	0.134	0.132	0.117	read 340:340 Read#33
H	0.133	0.132	0.132	0.136	0.136	0.138	0.132	0.133	0.141	0.092	0.095	0.097	read 340:340 Read#33

read 340:340
Kinetic read 34 (0:11:38)
	1	2	3	4	5	6	7	8	9	10	11	12
A	0.126	0.145	0.154	0.143	0.143	0.139	0.144	0.133	0.126	0.130	0.124	0.127	read 340:340 Read#34
B	0.135	0.141	0.143	0.142	0.147	0.143	0.149	0.146	0.145	0.136	0.131	0.128	read 340:340 Read#34
C	0.135	0.138	0.137	0.146	0.163	0.159	0.179	0.163	0.159	0.166	0.159	0.162	read 340:340 Read#34
D	0.173	0.182	0.175	0.182	0.176	0.187	0.178	0.177	0.184	0.102	0.099	0.099	read 340:340 Read#34
E	0.137	0.146	0.163	0.161	0.153	0.147	0.150	0.137	0.139	0.131	0.136	0.113	read 340:340 Read#34
F	0.129	0.138	0.139	0.137	0.143	0.141	0.142	0.139	0.129	0.122	0.125	0.125	read 340:340 Read#34
G	0.124	0.128	0.130	0.131	0.146	0.144	0.156	0.134	0.132	0.135	0.132	0.117	read 340:340 Read#34
H	0.134	0.132	0.133	0.136	0.136	0.138	0.132	0.133	0.141	0.092	0.095	0.097	read 340:340 Read#34

read 340:340
Kinetic read 35 (0:11:59)
	1	2	3	4	5	6	7	8	9	10	11	12
A	0.126	0.145	0.154	0.144	0.143	0.139	0.145	0.133	0.127	0.130	0.123	0.127	read 340:340 Read#35
B	0.135	0.141	0.143	0.142	0.146	0.143	0.148	0.146	0.145	0.137	0.132	0.128	read 340:340 Read#35
C	0.135	0.139	0.137	0.146	0.163	0.159	0.179	0.163	0.158	0.167	0.160	0.162	read 340:340 Read#35
D	0.173	0.183	0.175	0.183	0.176	0.188	0.179	0.178	0.185	0.102	0.099	0.099	read 340:340 Read#35
E	0.137	0.146	0.163	0.161	0.153	0.147	0.150	0.137	0.139	0.132	0.136	0.114	read 340:340 Read#35
F	0.128	0.138	0.140	0.136	0.143	0.140	0.142	0.139	0.129	0.122	0.125	0.125	read 340:340 Read#35
G	0.125	0.128	0.129	0.131	0.146	0.144	0.155	0.134	0.132	0.135	0.132	0.116	read 340:340 Read#35
H	0.134	0.132	0.133	0.136	0.136	0.138	0.132	0.133	0.142	0.092	0.096	0.098	read 340:340 Read#35

read 340:340
Kinetic read 36 (0:12:20)
	1	2	3	4	5	6	7	8	9	10	11	12
A	0.125	0.145	0.154	0.144	0.143	0.139	0.144	0.133	0.127	0.130	0.124	0.127	read 340:340 Read#36
B	0.134	0.141	0.143	0.142	0.146	0.142	0.149	0.146	0.145	0.137	0.132	0.128	read 340:340 Read#36
C	0.135	0.139	0.137	0.146	0.163	0.159	0.179	0.162	0.159	0.167	0.160	0.163	read 340:340 Read#36
D	0.174	0.183	0.176	0.184	0.177	0.188	0.179	0.178	0.185	0.102	0.100	0.099	read 340:340 Read#36
E	0.137	0.146	0.163	0.161	0.152	0.147	0.149	0.137	0.140	0.132	0.135	0.114	read 340:340 Read#36
F	0.129	0.138	0.139	0.136	0.144	0.140	0.142	0.139	0.129	0.122	0.125	0.125	read 340:340 Read#36
G	0.126	0.127	0.129	0.131	0.146	0.144	0.156	0.134	0.132	0.135	0.132	0.116	read 340:340 Read#36
H	0.134	0.132	0.132	0.136	0.136	0.138	0.131	0.133	0.142	0.092	0.095	0.097	read 340:340 Read#36

read 340:340
Kinetic read 37 (0:12:41)
	1	2	3	4	5	6	7	8	9	10	11	12
A	0.126	0.146	0.154	0.144	0.143	0.138	0.144	0.134	0.127	0.130	0.124	0.127	read 340:340 Read#37
B	0.134	0.141	0.143	0.141	0.146	0.143	0.149	0.146	0.144	0.138	0.132	0.128	read 340:340 Read#37
C	0.135	0.139	0.138	0.146	0.162	0.159	0.179	0.163	0.159	0.168	0.161	0.163	read 340:340 Read#37
D	0.175	0.184	0.177	0.184	0.178	0.190	0.180	0.179	0.185	0.102	0.099	0.099	read 340:340 Read#37
E	0.137	0.146	0.163	0.161	0.152	0.146	0.149	0.137	0.139	0.132	0.136	0.114	read 340:340 Read#37
F	0.128	0.138	0.139	0.136	0.143	0.140	0.143	0.139	0.129	0.122	0.125	0.125	read 340:340 Read#37
G	0.126	0.127	0.129	0.131	0.146	0.144	0.156	0.134	0.132	0.135	0.132	0.117	read 340:340 Read#37
H	0.134	0.132	0.133	0.135	0.136	0.138	0.132	0.133	0.142	0.092	0.096	0.098	read 340:340 Read#37

read 340:340
Kinetic read 38 (0:13:02)
	1	2	3	4	5	6	7	8	9	10	11	12
A	0.125	0.145	0.154	0.144	0.144	0.139	0.144	0.133	0.127	0.130	0.124	0.127	read 340:340 Read#38
B	0.134	0.141	0.143	0.142	0.145	0.142	0.149	0.145	0.144	0.137	0.132	0.128	read 340:340 Read#38
C	0.135	0.138	0.137	0.145	0.163	0.159	0.180	0.163	0.159	0.167	0.161	0.164	read 340:340 Read#38
D	0.175	0.185	0.177	0.185	0.178	0.190	0.180	0.180	0.186	0.102	0.099	0.099	read 340:340 Read#38
E	0.137	0.146	0.163	0.160	0.152	0.147	0.150	0.137	0.140	0.132	0.135	0.114	read 340:340 Read#38
F	0.129	0.138	0.139	0.136	0.143	0.140	0.142	0.138	0.128	0.122	0.125	0.125	read 340:340 Read#38
G	0.125	0.127	0.129	0.131	0.146	0.144	0.156	0.134	0.132	0.135	0.133	0.116	read 340:340 Read#38
H	0.134	0.132	0.132	0.136	0.137	0.138	0.132	0.133	0.142	0.092	0.095	0.098	read 340:340 Read#38

read 340:340
Kinetic read 39 (0:13:23)
	1	2	3	4	5	6	7	8	9	10	11	12
A	0.125	0.145	0.154	0.144	0.144	0.139	0.144	0.134	0.127	0.130	0.124	0.127	read 340:340 Read#39
B	0.134	0.141	0.143	0.142	0.146	0.142	0.148	0.146	0.145	0.137	0.132	0.127	read 340:340 Read#39
C	0.135	0.138	0.137	0.145	0.163	0.160	0.180	0.163	0.159	0.168	0.162	0.165	read 340:340 Read#39
D	0.176	0.185	0.178	0.186	0.178	0.191	0.181	0.180	0.187	0.102	0.099	0.098	read 340:340 Read#39
E	0.137	0.146	0.163	0.160	0.152	0.147	0.149	0.138	0.140	0.132	0.135	0.114	read 340:340 Read#39
F	0.128	0.138	0.139	0.136	0.143	0.140	0.142	0.138	0.128	0.122	0.125	0.126	read 340:340 Read#39
G	0.125	0.127	0.129	0.131	0.146	0.144	0.156	0.133	0.132	0.135	0.132	0.116	read 340:340 Read#39
H	0.134	0.132	0.133	0.135	0.137	0.138	0.133	0.133	0.143	0.092	0.096	0.098	read 340:340 Read#39

read 340:340
Kinetic read 40 (0:13:44)
	1	2	3	4	5	6	7	8	9	10	11	12
A	0.125	0.145	0.154	0.144	0.144	0.139	0.144	0.133	0.127	0.130	0.123	0.127	read 340:340 Read#40
B	0.134	0.141	0.143	0.141	0.145	0.142	0.148	0.146	0.145	0.137	0.132	0.128	read 340:340 Read#40
C	0.135	0.138	0.137	0.145	0.162	0.160	0.180	0.163	0.160	0.168	0.162	0.166	read 340:340 Read#40
D	0.176	0.186	0.179	0.187	0.179	0.192	0.182	0.181	0.188	0.102	0.100	0.099	read 340:340 Read#40
E	0.137	0.146	0.163	0.160	0.152	0.147	0.149	0.137	0.140	0.132	0.136	0.114	read 340:340 Read#40
F	0.129	0.138	0.139	0.136	0.143	0.139	0.142	0.139	0.129	0.122	0.125	0.125	read 340:340 Read#40
G	0.126	0.127	0.129	0.131	0.146	0.144	0.155	0.134	0.132	0.135	0.133	0.117	read 340:340 Read#40
H	0.134	0.132	0.133	0.136	0.136	0.138	0.132	0.133	0.143	0.091	0.096	0.098	read 340:340 Read#40

340

Kinetic read	A1
0:00:05	0.122
0:00:26	0.130
0:00:47	0.129
0:01:08	0.129
0:01:29	0.129
0:01:50	0.129
0:02:11	0.128
0:02:32	0.127
0:02:53	0.128
0:03:14	0.128
0:03:35	0.128
0:03:56	0.127
0:04:17	0.128
0:04:38	0.127
0:04:59	0.128
0:05:20	0.128
0:05:41	0.127
0:06:02	0.127
0:06:23	0.127
0:06:44	0.127
0:07:05	0.126
0:07:26	0.127
0:07:47	0.126
0:08:08	0.126
0:08:29	0.127
0:08:50	0.126
0:09:11	0.126
0:09:32	0.125
0:09:53	0.125
0:10:14	0.125
0:10:35	0.126
0:10:56	0.127
0:11:17	0.128
0:11:38	0.126
0:11:59	0.126
0:12:20	0.125
0:12:41	0.126
0:13:02	0.125
0:13:23	0.125
0:13:44	0.125

