

+0.122	+0.141	+0.154	+0.143	+0.143	+0.141	+0.147	+0.136	+0.125	+0.131	+0.127	+0.124
+0.137	+0.139	+0.144	+0.148	+0.153	+0.147	+0.147	+0.141	+0.145	+0.135	+0.133	+0.124
+0.131	+0.146	+0.142	+0.154	+0.173	+0.155	+0.179	+0.154	+0.154	+0.158	+0.135	+0.138
+0.151	+0.155	+0.145	+0.151	+0.151	+0.154	+0.140	+0.148	+0.158	+0.102	+0.099	+0.099
+0.138	+0.148	+0.165	+0.158	+0.154	+0.141	+0.150	+0.141	+0.145	+0.137	+0.142	+0.115
+0.136	+0.142	+0.146	+0.137	+0.147	+0.150	+0.142	+0.153	+0.131	+0.121	+0.125	+0.128
+0.121	+0.134	+0.132	+0.135	+0.145	+0.145	+0.153	+0.132	+0.129	+0.131	+0.129	+0.114
+0.130	+0.133	+0.133	+0.137	+0.136	+0.139	+0.132	+0.134	+0.133	+0.092	+0.095	+0.098


+0.130	+0.146	+0.157	+0.148	+0.146	+0.142	+0.147	+0.133	+0.124	+0.129	+0.129	+0.128
+0.136	+0.142	+0.148	+0.148	+0.154	+0.150	+0.149	+0.150	+0.149	+0.139	+0.134	+0.134
+0.134	+0.142	+0.144	+0.153	+0.167	+0.153	+0.185	+0.161	+0.152	+0.161	+0.136	+0.141
+0.150	+0.153	+0.146	+0.153	+0.154	+0.154	+0.142	+0.148	+0.158	+0.102	+0.099	+0.099
+0.137	+0.148	+0.165	+0.164	+0.151	+0.145	+0.152	+0.135	+0.142	+0.133	+0.140	+0.115
+0.135	+0.142	+0.143	+0.136	+0.147	+0.143	+0.144	+0.143	+0.132	+0.123	+0.128	+0.131
+0.126	+0.131	+0.131	+0.131	+0.144	+0.143	+0.154	+0.134	+0.132	+0.131	+0.130	+0.116
+0.133	+0.136	+0.133	+0.139	+0.135	+0.140	+0.133	+0.134	+0.134	+0.092	+0.095	+0.098


+0.129	+0.148	+0.156	+0.146	+0.147	+0.140	+0.146	+0.133	+0.122	+0.127	+0.128	+0.129
+0.137	+0.143	+0.147	+0.146	+0.153	+0.149	+0.150	+0.149	+0.149	+0.140	+0.133	+0.133
+0.135	+0.142	+0.143	+0.153	+0.164	+0.154	+0.186	+0.160	+0.152	+0.162	+0.139	+0.141
+0.152	+0.154	+0.147	+0.155	+0.154	+0.156	+0.141	+0.149	+0.159	+0.102	+0.099	+0.098
+0.138	+0.149	+0.166	+0.164	+0.153	+0.147	+0.150	+0.132	+0.141	+0.133	+0.139	+0.115
+0.133	+0.141	+0.143	+0.137	+0.147	+0.142	+0.144	+0.141	+0.132	+0.125	+0.129	+0.131
+0.127	+0.130	+0.132	+0.131	+0.144	+0.143	+0.154	+0.135	+0.133	+0.132	+0.130	+0.116
+0.133	+0.137	+0.133	+0.140	+0.135	+0.140	+0.132	+0.134	+0.135	+0.092	+0.095	+0.098


+0.129	+0.147	+0.156	+0.147	+0.146	+0.139	+0.146	+0.132	+0.123	+0.127	+0.127	+0.129
+0.137	+0.143	+0.146	+0.146	+0.151	+0.147	+0.150	+0.149	+0.148	+0.140	+0.133	+0.133
+0.135	+0.142	+0.142	+0.153	+0.164	+0.154	+0.185	+0.160	+0.152	+0.162	+0.140	+0.142
+0.153	+0.155	+0.148	+0.156	+0.155	+0.157	+0.144	+0.149	+0.161	+0.102	+0.099	+0.099
+0.137	+0.148	+0.165	+0.164	+0.154	+0.148	+0.150	+0.132	+0.140	+0.133	+0.138	+0.115
+0.134	+0.142	+0.143	+0.137	+0.147	+0.142	+0.145	+0.142	+0.133	+0.125	+0.128	+0.130
+0.126	+0.131	+0.132	+0.132	+0.144	+0.142	+0.155	+0.135	+0.134	+0.133	+0.130	+0.116
+0.133	+0.136	+0.133	+0.140	+0.136	+0.140	+0.133	+0.134	+0.134	+0.092	+0.095	+0.098


+0.129	+0.147	+0.156	+0.146	+0.147	+0.140	+0.146	+0.132	+0.123	+0.127	+0.126	+0.129
+0.137	+0.144	+0.147	+0.146	+0.151	+0.146	+0.151	+0.149	+0.148	+0.140	+0.133	+0.133
+0.135	+0.141	+0.142	+0.152	+0.164	+0.154	+0.184	+0.160	+0.152	+0.162	+0.141	+0.142
+0.153	+0.156	+0.150	+0.157	+0.156	+0.158	+0.146	+0.151	+0.161	+0.102	+0.100	+0.099
+0.137	+0.148	+0.166	+0.164	+0.154	+0.148	+0.149	+0.133	+0.140	+0.133	+0.139	+0.115
+0.133	+0.142	+0.143	+0.137	+0.147	+0.142	+0.144	+0.142	+0.132	+0.125	+0.128	+0.130
+0.127	+0.131	+0.132	+0.133	+0.145	+0.142	+0.155	+0.136	+0.134	+0.133	+0.130	+0.115
+0.134	+0.135	+0.133	+0.140	+0.136	+0.140	+0.133	+0.134	+0.134	+0.092	+0.096	+0.098


+0.129	+0.147	+0.156	+0.146	+0.147	+0.141	+0.145	+0.133	+0.124	+0.127	+0.126	+0.129
+0.137	+0.144	+0.147	+0.146	+0.150	+0.146	+0.151	+0.148	+0.148	+0.140	+0.133	+0.132
+0.135	+0.141	+0.142	+0.152	+0.164	+0.154	+0.184	+0.160	+0.152	+0.162	+0.142	+0.142
+0.154	+0.157	+0.151	+0.158	+0.156	+0.159	+0.147	+0.152	+0.163	+0.102	+0.099	+0.099
+0.137	+0.148	+0.166	+0.164	+0.155	+0.147	+0.149	+0.134	+0.140	+0.133	+0.138	+0.115
+0.132	+0.142	+0.143	+0.137	+0.147	+0.142	+0.144	+0.141	+0.133	+0.125	+0.128	+0.129
+0.126	+0.131	+0.131	+0.132	+0.146	+0.142	+0.155	+0.136	+0.133	+0.134	+0.130	+0.115
+0.134	+0.135	+0.133	+0.140	+0.136	+0.140	+0.133	+0.134	+0.134	+0.092	+0.095	+0.098


+0.128	+0.147	+0.156	+0.146	+0.146	+0.139	+0.145	+0.133	+0.124	+0.127	+0.126	+0.129
+0.137	+0.145	+0.146	+0.145	+0.149	+0.146	+0.151	+0.149	+0.148	+0.140	+0.133	+0.132
+0.136	+0.141	+0.141	+0.152	+0.164	+0.155	+0.183	+0.160	+0.153	+0.162	+0.142	+0.141
+0.155	+0.158	+0.151	+0.159	+0.158	+0.161	+0.149	+0.153	+0.163	+0.102	+0.099	+0.099
+0.137	+0.148	+0.167	+0.164	+0.154	+0.147	+0.148	+0.134	+0.140	+0.133	+0.138	+0.115
+0.132	+0.142	+0.143	+0.137	+0.146	+0.142	+0.144	+0.141	+0.133	+0.125	+0.128	+0.129
+0.125	+0.131	+0.132	+0.132	+0.146	+0.142	+0.155	+0.136	+0.134	+0.135	+0.130	+0.115
+0.134	+0.135	+0.133	+0.140	+0.136	+0.139	+0.132	+0.134	+0.134	+0.092	+0.095	+0.097


+0.127	+0.147	+0.156	+0.146	+0.147	+0.139	+0.144	+0.133	+0.124	+0.127	+0.126	+0.128
+0.137	+0.144	+0.146	+0.145	+0.149	+0.146	+0.151	+0.147	+0.147	+0.140	+0.133	+0.131
+0.136	+0.141	+0.142	+0.152	+0.164	+0.155	+0.183	+0.160	+0.153	+0.161	+0.143	+0.142
+0.157	+0.159	+0.153	+0.160	+0.158	+0.162	+0.150	+0.154	+0.164	+0.102	+0.099	+0.099
+0.137	+0.148	+0.167	+0.163	+0.154	+0.147	+0.149	+0.134	+0.141	+0.133	+0.139	+0.115
+0.131	+0.142	+0.143	+0.137	+0.146	+0.143	+0.144	+0.141	+0.132	+0.125	+0.128	+0.129
+0.123	+0.130	+0.132	+0.132	+0.146	+0.142	+0.155	+0.136	+0.133	+0.136	+0.130	+0.115
+0.134	+0.134	+0.133	+0.140	+0.136	+0.139	+0.133	+0.134	+0.135	+0.092	+0.095	+0.097


+0.128	+0.147	+0.155	+0.145	+0.146	+0.139	+0.144	+0.133	+0.125	+0.128	+0.126	+0.129
+0.137	+0.144	+0.147	+0.145	+0.149	+0.146	+0.150	+0.148	+0.147	+0.140	+0.133	+0.131
+0.135	+0.140	+0.141	+0.151	+0.164	+0.155	+0.183	+0.160	+0.154	+0.161	+0.144	+0.142
+0.157	+0.160	+0.154	+0.161	+0.159	+0.163	+0.152	+0.155	+0.165	+0.102	+0.099	+0.099
+0.137	+0.148	+0.166	+0.164	+0.154	+0.148	+0.150	+0.135	+0.140	+0.133	+0.138	+0.114
+0.131	+0.141	+0.143	+0.137	+0.147	+0.142	+0.145	+0.141	+0.133	+0.125	+0.128	+0.129
+0.123	+0.130	+0.132	+0.132	+0.147	+0.143	+0.156	+0.136	+0.133	+0.136	+0.130	+0.114
+0.134	+0.134	+0.133	+0.140	+0.136	+0.140	+0.133	+0.134	+0.135	+0.092	+0.096	+0.098


+0.128	+0.146	+0.155	+0.146	+0.146	+0.139	+0.145	+0.132	+0.125	+0.128	+0.125	+0.128
+0.137	+0.144	+0.146	+0.144	+0.149	+0.146	+0.150	+0.148	+0.147	+0.140	+0.133	+0.131
+0.136	+0.141	+0.142	+0.151	+0.164	+0.155	+0.182	+0.160	+0.154	+0.161	+0.145	+0.143
+0.158	+0.162	+0.154	+0.162	+0.160	+0.164	+0.153	+0.156	+0.166	+0.102	+0.099	+0.099
+0.137	+0.148	+0.166	+0.163	+0.154	+0.148	+0.148	+0.135	+0.140	+0.133	+0.138	+0.114
+0.131	+0.141	+0.143	+0.137	+0.146	+0.142	+0.144	+0.141	+0.132	+0.124	+0.128	+0.128
+0.124	+0.130	+0.132	+0.132	+0.147	+0.143	+0.155	+0.135	+0.133	+0.136	+0.130	+0.114
+0.134	+0.134	+0.132	+0.140	+0.137	+0.139	+0.133	+0.134	+0.135	+0.092	+0.095	+0.097


+0.128	+0.147	+0.155	+0.146	+0.146	+0.140	+0.144	+0.133	+0.124	+0.128	+0.125	+0.128
+0.136	+0.144	+0.146	+0.144	+0.148	+0.146	+0.151	+0.148	+0.147	+0.141	+0.133	+0.130
+0.136	+0.140	+0.141	+0.151	+0.164	+0.156	+0.182	+0.160	+0.154	+0.162	+0.146	+0.143
+0.158	+0.162	+0.156	+0.163	+0.161	+0.165	+0.154	+0.157	+0.167	+0.102	+0.099	+0.099
+0.136	+0.147	+0.166	+0.164	+0.155	+0.148	+0.149	+0.135	+0.140	+0.133	+0.138	+0.114
+0.131	+0.141	+0.143	+0.137	+0.146	+0.142	+0.144	+0.141	+0.132	+0.124	+0.128	+0.128
+0.125	+0.130	+0.132	+0.132	+0.147	+0.143	+0.156	+0.135	+0.133	+0.135	+0.130	+0.114
+0.133	+0.134	+0.133	+0.140	+0.136	+0.139	+0.133	+0.135	+0.136	+0.092	+0.096	+0.098


+0.127	+0.146	+0.155	+0.145	+0.146	+0.138	+0.144	+0.133	+0.125	+0.128	+0.125	+0.128
+0.136	+0.144	+0.146	+0.144	+0.148	+0.146	+0.151	+0.147	+0.146	+0.140	+0.133	+0.130
+0.135	+0.140	+0.140	+0.151	+0.164	+0.156	+0.182	+0.160	+0.154	+0.162	+0.146	+0.144
+0.159	+0.163	+0.156	+0.164	+0.161	+0.166	+0.156	+0.158	+0.168	+0.102	+0.099	+0.099
+0.136	+0.148	+0.166	+0.163	+0.154	+0.148	+0.150	+0.135	+0.139	+0.132	+0.138	+0.114
+0.131	+0.141	+0.143	+0.137	+0.146	+0.143	+0.144	+0.141	+0.132	+0.124	+0.128	+0.128
+0.124	+0.130	+0.131	+0.132	+0.147	+0.143	+0.156	+0.134	+0.133	+0.136	+0.131	+0.114
+0.134	+0.134	+0.133	+0.140	+0.136	+0.139	+0.133	+0.134	+0.136	+0.092	+0.096	+0.098


+0.128	+0.146	+0.155	+0.145	+0.146	+0.139	+0.144	+0.133	+0.125	+0.127	+0.125	+0.128
+0.136	+0.144	+0.146	+0.144	+0.148	+0.145	+0.150	+0.147	+0.146	+0.140	+0.132	+0.130
+0.135	+0.140	+0.141	+0.151	+0.164	+0.156	+0.182	+0.160	+0.154	+0.162	+0.146	+0.145
+0.160	+0.164	+0.157	+0.165	+0.162	+0.167	+0.157	+0.159	+0.168	+0.102	+0.099	+0.099
+0.136	+0.147	+0.165	+0.163	+0.154	+0.148	+0.149	+0.136	+0.139	+0.133	+0.138	+0.114
+0.131	+0.141	+0.143	+0.137	+0.145	+0.142	+0.144	+0.141	+0.132	+0.124	+0.128	+0.127
+0.124	+0.129	+0.131	+0.132	+0.148	+0.143	+0.156	+0.134	+0.133	+0.136	+0.130	+0.114
+0.134	+0.133	+0.132	+0.140	+0.136	+0.139	+0.133	+0.134	+0.136	+0.092	+0.095	+0.098


+0.127	+0.146	+0.155	+0.145	+0.145	+0.139	+0.144	+0.133	+0.126	+0.127	+0.125	+0.128
+0.136	+0.144	+0.146	+0.144	+0.148	+0.145	+0.150	+0.148	+0.147	+0.140	+0.133	+0.130
+0.135	+0.140	+0.140	+0.150	+0.164	+0.156	+0.181	+0.161	+0.154	+0.162	+0.147	+0.147
+0.160	+0.166	+0.159	+0.166	+0.162	+0.168	+0.158	+0.160	+0.169	+0.102	+0.100	+0.099
+0.136	+0.147	+0.165	+0.162	+0.154	+0.148	+0.149	+0.136	+0.140	+0.133	+0.137	+0.114
+0.131	+0.140	+0.142	+0.137	+0.145	+0.142	+0.144	+0.141	+0.132	+0.124	+0.128	+0.127
+0.124	+0.129	+0.130	+0.132	+0.147	+0.143	+0.156	+0.134	+0.133	+0.136	+0.130	+0.114
+0.133	+0.134	+0.133	+0.140	+0.136	+0.139	+0.133	+0.134	+0.136	+0.092	+0.096	+0.098


+0.128	+0.146	+0.155	+0.145	+0.144	+0.139	+0.144	+0.133	+0.126	+0.128	+0.124	+0.128
+0.136	+0.144	+0.146	+0.144	+0.148	+0.145	+0.150	+0.147	+0.146	+0.139	+0.133	+0.129
+0.135	+0.140	+0.140	+0.150	+0.163	+0.157	+0.181	+0.161	+0.155	+0.162	+0.148	+0.147
+0.161	+0.166	+0.159	+0.167	+0.163	+0.169	+0.159	+0.161	+0.170	+0.103	+0.099	+0.099
+0.136	+0.147	+0.165	+0.162	+0.155	+0.148	+0.149	+0.136	+0.139	+0.133	+0.138	+0.114
+0.130	+0.141	+0.142	+0.137	+0.145	+0.142	+0.144	+0.141	+0.131	+0.124	+0.127	+0.127
+0.125	+0.129	+0.130	+0.132	+0.147	+0.143	+0.156	+0.134	+0.133	+0.136	+0.130	+0.114
+0.133	+0.133	+0.133	+0.139	+0.136	+0.139	+0.133	+0.134	+0.135	+0.092	+0.095	+0.098


+0.128	+0.146	+0.155	+0.144	+0.144	+0.140	+0.144	+0.134	+0.126	+0.128	+0.125	+0.128
+0.135	+0.143	+0.145	+0.144	+0.148	+0.145	+0.150	+0.147	+0.146	+0.139	+0.132	+0.130
+0.136	+0.140	+0.140	+0.150	+0.163	+0.157	+0.181	+0.161	+0.155	+0.162	+0.148	+0.148
+0.162	+0.167	+0.160	+0.168	+0.164	+0.170	+0.160	+0.162	+0.171	+0.102	+0.099	+0.099
+0.137	+0.147	+0.165	+0.162	+0.154	+0.148	+0.150	+0.136	+0.139	+0.133	+0.137	+0.114
+0.130	+0.140	+0.142	+0.137	+0.145	+0.142	+0.144	+0.141	+0.131	+0.124	+0.127	+0.127
+0.126	+0.129	+0.130	+0.132	+0.147	+0.143	+0.156	+0.134	+0.132	+0.136	+0.131	+0.114
+0.133	+0.133	+0.133	+0.139	+0.136	+0.139	+0.133	+0.134	+0.136	+0.091	+0.095	+0.097


+0.127	+0.145	+0.155	+0.144	+0.144	+0.141	+0.144	+0.133	+0.126	+0.128	+0.125	+0.127
+0.135	+0.143	+0.145	+0.144	+0.148	+0.145	+0.150	+0.147	+0.146	+0.138	+0.132	+0.129
+0.135	+0.140	+0.140	+0.150	+0.163	+0.157	+0.181	+0.161	+0.155	+0.162	+0.149	+0.149
+0.162	+0.168	+0.161	+0.169	+0.164	+0.171	+0.161	+0.163	+0.171	+0.102	+0.099	+0.099
+0.137	+0.147	+0.165	+0.163	+0.154	+0.148	+0.150	+0.137	+0.140	+0.133	+0.137	+0.114
+0.130	+0.140	+0.142	+0.137	+0.145	+0.141	+0.144	+0.141	+0.131	+0.123	+0.127	+0.127
+0.126	+0.129	+0.130	+0.132	+0.147	+0.143	+0.156	+0.134	+0.133	+0.135	+0.131	+0.115
+0.133	+0.133	+0.133	+0.138	+0.136	+0.140	+0.133	+0.134	+0.136	+0.092	+0.095	+0.098


+0.127	+0.145	+0.154	+0.144	+0.143	+0.139	+0.144	+0.133	+0.126	+0.128	+0.125	+0.128
+0.135	+0.143	+0.145	+0.143	+0.148	+0.145	+0.150	+0.147	+0.146	+0.139	+0.133	+0.129
+0.135	+0.140	+0.140	+0.149	+0.164	+0.157	+0.181	+0.161	+0.155	+0.162	+0.150	+0.150
+0.163	+0.169	+0.162	+0.170	+0.165	+0.172	+0.163	+0.164	+0.172	+0.102	+0.099	+0.099
+0.137	+0.147	+0.165	+0.162	+0.154	+0.148	+0.150	+0.137	+0.139	+0.133	+0.137	+0.114
+0.130	+0.140	+0.142	+0.137	+0.145	+0.142	+0.144	+0.141	+0.131	+0.124	+0.127	+0.127
+0.125	+0.129	+0.130	+0.132	+0.147	+0.143	+0.156	+0.134	+0.132	+0.135	+0.131	+0.114
+0.133	+0.133	+0.133	+0.138	+0.136	+0.139	+0.133	+0.134	+0.136	+0.092	+0.096	+0.098


+0.127	+0.145	+0.154	+0.144	+0.144	+0.140	+0.145	+0.134	+0.126	+0.128	+0.125	+0.127
+0.136	+0.143	+0.145	+0.143	+0.148	+0.145	+0.149	+0.148	+0.146	+0.139	+0.133	+0.129
+0.135	+0.140	+0.140	+0.149	+0.163	+0.157	+0.181	+0.161	+0.155	+0.163	+0.151	+0.150
+0.164	+0.170	+0.163	+0.171	+0.165	+0.173	+0.164	+0.165	+0.173	+0.103	+0.099	+0.099
+0.137	+0.146	+0.165	+0.162	+0.154	+0.148	+0.150	+0.137	+0.139	+0.132	+0.137	+0.114
+0.130	+0.140	+0.142	+0.137	+0.145	+0.142	+0.144	+0.141	+0.131	+0.123	+0.127	+0.127
+0.125	+0.129	+0.130	+0.132	+0.147	+0.143	+0.156	+0.134	+0.132	+0.135	+0.131	+0.115
+0.133	+0.133	+0.133	+0.137	+0.136	+0.139	+0.132	+0.134	+0.137	+0.092	+0.095	+0.098


+0.127	+0.146	+0.154	+0.144	+0.144	+0.140	+0.144	+0.133	+0.126	+0.129	+0.125	+0.127
+0.135	+0.143	+0.145	+0.143	+0.148	+0.144	+0.150	+0.147	+0.146	+0.139	+0.133	+0.129
+0.135	+0.140	+0.139	+0.149	+0.165	+0.157	+0.181	+0.161	+0.155	+0.163	+0.151	+0.151
+0.165	+0.171	+0.164	+0.172	+0.166	+0.174	+0.165	+0.165	+0.174	+0.102	+0.099	+0.099
+0.137	+0.147	+0.164	+0.162	+0.154	+0.148	+0.150	+0.137	+0.139	+0.132	+0.137	+0.114
+0.130	+0.140	+0.141	+0.137	+0.145	+0.141	+0.143	+0.142	+0.131	+0.123	+0.127	+0.126
+0.125	+0.128	+0.130	+0.132	+0.147	+0.143	+0.156	+0.134	+0.132	+0.134	+0.131	+0.115
+0.133	+0.133	+0.133	+0.137	+0.136	+0.139	+0.132	+0.134	+0.137	+0.092	+0.095	+0.098


+0.126	+0.145	+0.154	+0.144	+0.143	+0.140	+0.145	+0.133	+0.126	+0.128	+0.124	+0.127
+0.135	+0.143	+0.145	+0.143	+0.147	+0.144	+0.150	+0.147	+0.145	+0.139	+0.133	+0.129
+0.135	+0.140	+0.139	+0.149	+0.163	+0.157	+0.180	+0.161	+0.155	+0.163	+0.152	+0.152
+0.165	+0.171	+0.164	+0.172	+0.167	+0.175	+0.166	+0.167	+0.175	+0.102	+0.099	+0.099
+0.137	+0.146	+0.164	+0.162	+0.154	+0.148	+0.149	+0.137	+0.139	+0.132	+0.137	+0.114
+0.130	+0.140	+0.141	+0.137	+0.145	+0.141	+0.144	+0.141	+0.130	+0.123	+0.126	+0.126
+0.125	+0.129	+0.131	+0.132	+0.147	+0.143	+0.156	+0.134	+0.132	+0.134	+0.130	+0.115
+0.133	+0.132	+0.133	+0.136	+0.136	+0.139	+0.132	+0.134	+0.137	+0.092	+0.095	+0.098


+0.127	+0.145	+0.154	+0.143	+0.143	+0.139	+0.144	+0.134	+0.126	+0.128	+0.124	+0.127
+0.135	+0.143	+0.146	+0.143	+0.147	+0.144	+0.149	+0.147	+0.145	+0.139	+0.133	+0.129
+0.134	+0.140	+0.139	+0.148	+0.163	+0.158	+0.180	+0.161	+0.156	+0.164	+0.152	+0.153
+0.166	+0.172	+0.165	+0.173	+0.168	+0.176	+0.167	+0.168	+0.175	+0.102	+0.099	+0.099
+0.137	+0.146	+0.164	+0.162	+0.154	+0.147	+0.149	+0.137	+0.138	+0.132	+0.136	+0.114
+0.129	+0.140	+0.142	+0.137	+0.145	+0.141	+0.143	+0.141	+0.131	+0.123	+0.126	+0.126
+0.126	+0.128	+0.132	+0.132	+0.147	+0.143	+0.156	+0.134	+0.132	+0.134	+0.131	+0.115
+0.133	+0.133	+0.133	+0.136	+0.136	+0.138	+0.132	+0.134	+0.137	+0.092	+0.096	+0.098


+0.126	+0.145	+0.154	+0.144	+0.143	+0.139	+0.145	+0.133	+0.126	+0.129	+0.124	+0.127
+0.135	+0.143	+0.145	+0.143	+0.147	+0.144	+0.149	+0.146	+0.145	+0.138	+0.133	+0.129
+0.135	+0.140	+0.139	+0.148	+0.163	+0.157	+0.180	+0.161	+0.156	+0.164	+0.153	+0.153
+0.166	+0.173	+0.166	+0.174	+0.168	+0.177	+0.168	+0.169	+0.176	+0.102	+0.099	+0.099
+0.137	+0.146	+0.164	+0.162	+0.154	+0.147	+0.150	+0.137	+0.138	+0.132	+0.137	+0.114
+0.129	+0.139	+0.141	+0.137	+0.144	+0.141	+0.143	+0.141	+0.130	+0.122	+0.126	+0.125
+0.125	+0.128	+0.131	+0.132	+0.147	+0.144	+0.156	+0.134	+0.132	+0.135	+0.131	+0.115
+0.134	+0.133	+0.133	+0.136	+0.136	+0.138	+0.132	+0.133	+0.138	+0.092	+0.095	+0.098


+0.126	+0.145	+0.154	+0.144	+0.143	+0.139	+0.145	+0.134	+0.126	+0.129	+0.124	+0.127
+0.135	+0.142	+0.145	+0.143	+0.147	+0.144	+0.149	+0.146	+0.145	+0.138	+0.133	+0.128
+0.135	+0.140	+0.139	+0.148	+0.163	+0.158	+0.180	+0.161	+0.156	+0.164	+0.154	+0.154
+0.167	+0.174	+0.167	+0.175	+0.169	+0.178	+0.169	+0.169	+0.177	+0.102	+0.099	+0.099
+0.137	+0.146	+0.164	+0.162	+0.154	+0.148	+0.150	+0.137	+0.139	+0.132	+0.136	+0.114
+0.129	+0.139	+0.141	+0.137	+0.144	+0.141	+0.143	+0.140	+0.131	+0.123	+0.126	+0.126
+0.124	+0.128	+0.132	+0.132	+0.147	+0.144	+0.156	+0.134	+0.132	+0.135	+0.131	+0.115
+0.133	+0.132	+0.133	+0.136	+0.136	+0.138	+0.132	+0.134	+0.138	+0.092	+0.096	+0.098


+0.127	+0.145	+0.154	+0.144	+0.143	+0.139	+0.144	+0.134	+0.126	+0.129	+0.124	+0.127
+0.135	+0.142	+0.145	+0.142	+0.147	+0.143	+0.149	+0.147	+0.145	+0.138	+0.133	+0.128
+0.134	+0.140	+0.139	+0.148	+0.162	+0.158	+0.180	+0.162	+0.156	+0.165	+0.154	+0.155
+0.168	+0.175	+0.168	+0.176	+0.170	+0.179	+0.170	+0.170	+0.178	+0.102	+0.099	+0.099
+0.137	+0.146	+0.164	+0.162	+0.154	+0.148	+0.149	+0.137	+0.139	+0.132	+0.137	+0.113
+0.129	+0.139	+0.141	+0.137	+0.145	+0.141	+0.144	+0.140	+0.130	+0.123	+0.126	+0.126
+0.124	+0.128	+0.131	+0.132	+0.147	+0.144	+0.156	+0.134	+0.132	+0.134	+0.131	+0.116
+0.134	+0.132	+0.133	+0.136	+0.136	+0.139	+0.132	+0.134	+0.138	+0.092	+0.095	+0.098


+0.126	+0.145	+0.154	+0.144	+0.143	+0.139	+0.144	+0.134	+0.127	+0.129	+0.124	+0.127
+0.135	+0.142	+0.144	+0.143	+0.147	+0.143	+0.150	+0.147	+0.145	+0.138	+0.132	+0.128
+0.134	+0.139	+0.138	+0.148	+0.163	+0.158	+0.180	+0.162	+0.156	+0.165	+0.155	+0.156
+0.168	+0.176	+0.169	+0.176	+0.170	+0.180	+0.171	+0.171	+0.178	+0.102	+0.099	+0.099
+0.137	+0.146	+0.164	+0.161	+0.153	+0.148	+0.150	+0.137	+0.138	+0.132	+0.137	+0.114
+0.129	+0.139	+0.141	+0.136	+0.144	+0.141	+0.144	+0.140	+0.130	+0.123	+0.126	+0.126
+0.125	+0.128	+0.131	+0.132	+0.147	+0.143	+0.156	+0.134	+0.132	+0.135	+0.131	+0.116
+0.134	+0.132	+0.133	+0.136	+0.136	+0.139	+0.132	+0.133	+0.138	+0.092	+0.095	+0.098


+0.126	+0.145	+0.155	+0.143	+0.143	+0.139	+0.145	+0.133	+0.127	+0.130	+0.124	+0.127
+0.135	+0.142	+0.144	+0.142	+0.147	+0.143	+0.150	+0.146	+0.145	+0.138	+0.132	+0.128
+0.135	+0.140	+0.138	+0.148	+0.162	+0.158	+0.180	+0.162	+0.157	+0.165	+0.155	+0.157
+0.169	+0.177	+0.169	+0.177	+0.171	+0.181	+0.171	+0.171	+0.179	+0.102	+0.099	+0.098
+0.137	+0.146	+0.164	+0.162	+0.153	+0.147	+0.149	+0.137	+0.139	+0.132	+0.136	+0.114
+0.129	+0.139	+0.141	+0.137	+0.144	+0.141	+0.143	+0.140	+0.130	+0.123	+0.126	+0.126
+0.126	+0.128	+0.131	+0.131	+0.147	+0.144	+0.156	+0.134	+0.132	+0.134	+0.131	+0.116
+0.134	+0.132	+0.133	+0.136	+0.136	+0.138	+0.132	+0.133	+0.139	+0.092	+0.095	+0.098


+0.125	+0.145	+0.154	+0.143	+0.143	+0.139	+0.145	+0.133	+0.127	+0.130	+0.124	+0.127
+0.135	+0.142	+0.144	+0.142	+0.147	+0.143	+0.149	+0.147	+0.145	+0.138	+0.132	+0.128
+0.135	+0.139	+0.138	+0.147	+0.163	+0.158	+0.180	+0.162	+0.157	+0.165	+0.156	+0.157
+0.170	+0.178	+0.170	+0.178	+0.172	+0.182	+0.172	+0.172	+0.180	+0.102	+0.099	+0.099
+0.137	+0.146	+0.164	+0.161	+0.153	+0.147	+0.150	+0.137	+0.139	+0.132	+0.136	+0.113
+0.129	+0.139	+0.141	+0.136	+0.144	+0.141	+0.142	+0.140	+0.130	+0.123	+0.126	+0.126
+0.126	+0.128	+0.130	+0.131	+0.146	+0.144	+0.156	+0.134	+0.132	+0.135	+0.132	+0.116
+0.134	+0.132	+0.133	+0.136	+0.136	+0.138	+0.132	+0.134	+0.139	+0.091	+0.095	+0.097


+0.125	+0.144	+0.154	+0.144	+0.144	+0.139	+0.144	+0.133	+0.127	+0.129	+0.124	+0.127
+0.135	+0.142	+0.144	+0.142	+0.147	+0.143	+0.149	+0.147	+0.145	+0.138	+0.133	+0.128
+0.135	+0.139	+0.138	+0.147	+0.163	+0.159	+0.180	+0.162	+0.157	+0.166	+0.156	+0.158
+0.170	+0.178	+0.171	+0.179	+0.172	+0.183	+0.173	+0.173	+0.180	+0.102	+0.099	+0.099
+0.137	+0.146	+0.163	+0.161	+0.153	+0.148	+0.150	+0.137	+0.138	+0.132	+0.136	+0.115
+0.129	+0.139	+0.140	+0.136	+0.144	+0.141	+0.144	+0.141	+0.130	+0.122	+0.126	+0.126
+0.125	+0.128	+0.130	+0.131	+0.147	+0.144	+0.156	+0.134	+0.132	+0.135	+0.131	+0.116
+0.133	+0.133	+0.133	+0.136	+0.136	+0.138	+0.132	+0.134	+0.140	+0.092	+0.096	+0.098


+0.125	+0.145	+0.154	+0.144	+0.143	+0.139	+0.144	+0.134	+0.127	+0.130	+0.124	+0.127
+0.135	+0.142	+0.144	+0.142	+0.146	+0.143	+0.149	+0.146	+0.145	+0.137	+0.133	+0.128
+0.134	+0.139	+0.138	+0.147	+0.163	+0.159	+0.180	+0.162	+0.158	+0.166	+0.157	+0.159
+0.171	+0.179	+0.171	+0.179	+0.173	+0.184	+0.175	+0.174	+0.181	+0.102	+0.099	+0.099
+0.137	+0.146	+0.164	+0.161	+0.153	+0.147	+0.150	+0.137	+0.139	+0.132	+0.136	+0.114
+0.129	+0.139	+0.140	+0.137	+0.144	+0.141	+0.143	+0.140	+0.129	+0.123	+0.125	+0.126
+0.124	+0.127	+0.130	+0.131	+0.146	+0.144	+0.155	+0.134	+0.132	+0.134	+0.132	+0.116
+0.133	+0.132	+0.133	+0.136	+0.136	+0.138	+0.132	+0.133	+0.140	+0.092	+0.096	+0.098


+0.126	+0.145	+0.153	+0.144	+0.143	+0.139	+0.144	+0.133	+0.127	+0.130	+0.124	+0.127
+0.135	+0.142	+0.144	+0.142	+0.147	+0.143	+0.149	+0.146	+0.145	+0.137	+0.132	+0.128
+0.134	+0.139	+0.138	+0.147	+0.163	+0.159	+0.180	+0.162	+0.158	+0.166	+0.158	+0.159
+0.171	+0.180	+0.173	+0.181	+0.174	+0.184	+0.175	+0.175	+0.182	+0.102	+0.100	+0.099
+0.137	+0.146	+0.164	+0.161	+0.153	+0.147	+0.150	+0.137	+0.139	+0.132	+0.136	+0.114
+0.129	+0.138	+0.140	+0.136	+0.143	+0.141	+0.143	+0.139	+0.129	+0.122	+0.125	+0.125
+0.126	+0.128	+0.130	+0.131	+0.146	+0.144	+0.156	+0.134	+0.132	+0.135	+0.132	+0.116
+0.134	+0.132	+0.132	+0.136	+0.136	+0.138	+0.132	+0.133	+0.140	+0.092	+0.096	+0.098


+0.127	+0.145	+0.154	+0.144	+0.143	+0.139	+0.144	+0.133	+0.126	+0.129	+0.124	+0.127
+0.135	+0.141	+0.144	+0.142	+0.146	+0.143	+0.149	+0.146	+0.145	+0.137	+0.132	+0.128
+0.135	+0.139	+0.138	+0.146	+0.162	+0.159	+0.180	+0.163	+0.158	+0.166	+0.157	+0.160
+0.172	+0.181	+0.173	+0.181	+0.174	+0.185	+0.176	+0.176	+0.182	+0.102	+0.099	+0.099
+0.137	+0.146	+0.163	+0.161	+0.153	+0.147	+0.150	+0.137	+0.139	+0.132	+0.136	+0.114
+0.128	+0.138	+0.140	+0.136	+0.144	+0.140	+0.143	+0.139	+0.129	+0.122	+0.125	+0.125
+0.126	+0.128	+0.130	+0.131	+0.146	+0.144	+0.156	+0.134	+0.132	+0.135	+0.132	+0.116
+0.134	+0.133	+0.132	+0.136	+0.136	+0.138	+0.132	+0.133	+0.141	+0.091	+0.095	+0.098


+0.128	+0.145	+0.154	+0.144	+0.143	+0.139	+0.144	+0.133	+0.127	+0.130	+0.124	+0.127
+0.135	+0.141	+0.143	+0.142	+0.146	+0.143	+0.149	+0.146	+0.145	+0.137	+0.132	+0.128
+0.135	+0.139	+0.138	+0.147	+0.163	+0.159	+0.180	+0.162	+0.158	+0.166	+0.159	+0.161
+0.172	+0.181	+0.174	+0.182	+0.175	+0.186	+0.177	+0.177	+0.183	+0.102	+0.099	+0.099
+0.137	+0.146	+0.163	+0.161	+0.153	+0.147	+0.149	+0.137	+0.138	+0.132	+0.136	+0.114
+0.129	+0.139	+0.139	+0.137	+0.144	+0.140	+0.143	+0.139	+0.129	+0.122	+0.125	+0.125
+0.125	+0.128	+0.130	+0.131	+0.146	+0.144	+0.156	+0.134	+0.132	+0.134	+0.132	+0.117
+0.133	+0.132	+0.132	+0.136	+0.136	+0.138	+0.132	+0.133	+0.141	+0.092	+0.095	+0.097


+0.126	+0.145	+0.154	+0.143	+0.143	+0.139	+0.144	+0.133	+0.126	+0.130	+0.124	+0.127
+0.135	+0.141	+0.143	+0.142	+0.147	+0.143	+0.149	+0.146	+0.145	+0.136	+0.131	+0.128
+0.135	+0.138	+0.137	+0.146	+0.163	+0.159	+0.179	+0.163	+0.159	+0.166	+0.159	+0.162
+0.173	+0.182	+0.175	+0.182	+0.176	+0.187	+0.178	+0.177	+0.184	+0.102	+0.099	+0.099
+0.137	+0.146	+0.163	+0.161	+0.153	+0.147	+0.150	+0.137	+0.139	+0.131	+0.136	+0.113
+0.129	+0.138	+0.139	+0.137	+0.143	+0.141	+0.142	+0.139	+0.129	+0.122	+0.125	+0.125
+0.124	+0.128	+0.130	+0.131	+0.146	+0.144	+0.156	+0.134	+0.132	+0.135	+0.132	+0.117
+0.134	+0.132	+0.133	+0.136	+0.136	+0.138	+0.132	+0.133	+0.141	+0.092	+0.095	+0.097


+0.126	+0.145	+0.154	+0.144	+0.143	+0.139	+0.145	+0.133	+0.127	+0.130	+0.123	+0.127
+0.135	+0.141	+0.143	+0.142	+0.146	+0.143	+0.148	+0.146	+0.145	+0.137	+0.132	+0.128
+0.135	+0.139	+0.137	+0.146	+0.163	+0.159	+0.179	+0.163	+0.158	+0.167	+0.160	+0.162
+0.173	+0.183	+0.175	+0.183	+0.176	+0.188	+0.179	+0.178	+0.185	+0.102	+0.099	+0.099
+0.137	+0.146	+0.163	+0.161	+0.153	+0.147	+0.150	+0.137	+0.139	+0.132	+0.136	+0.114
+0.128	+0.138	+0.140	+0.136	+0.143	+0.140	+0.142	+0.139	+0.129	+0.122	+0.125	+0.125
+0.125	+0.128	+0.129	+0.131	+0.146	+0.144	+0.155	+0.134	+0.132	+0.135	+0.132	+0.116
+0.134	+0.132	+0.133	+0.136	+0.136	+0.138	+0.132	+0.133	+0.142	+0.092	+0.096	+0.098


+0.125	+0.145	+0.154	+0.144	+0.143	+0.139	+0.144	+0.133	+0.127	+0.130	+0.124	+0.127
+0.134	+0.141	+0.143	+0.142	+0.146	+0.142	+0.149	+0.146	+0.145	+0.137	+0.132	+0.128
+0.135	+0.139	+0.137	+0.146	+0.163	+0.159	+0.179	+0.162	+0.159	+0.167	+0.160	+0.163
+0.174	+0.183	+0.176	+0.184	+0.177	+0.188	+0.179	+0.178	+0.185	+0.102	+0.100	+0.099
+0.137	+0.146	+0.163	+0.161	+0.152	+0.147	+0.149	+0.137	+0.140	+0.132	+0.135	+0.114
+0.129	+0.138	+0.139	+0.136	+0.144	+0.140	+0.142	+0.139	+0.129	+0.122	+0.125	+0.125
+0.126	+0.127	+0.129	+0.131	+0.146	+0.144	+0.156	+0.134	+0.132	+0.135	+0.132	+0.116
+0.134	+0.132	+0.132	+0.136	+0.136	+0.138	+0.131	+0.133	+0.142	+0.092	+0.095	+0.097


+0.126	+0.146	+0.154	+0.144	+0.143	+0.138	+0.144	+0.134	+0.127	+0.130	+0.124	+0.127
+0.134	+0.141	+0.143	+0.141	+0.146	+0.143	+0.149	+0.146	+0.144	+0.138	+0.132	+0.128
+0.135	+0.139	+0.138	+0.146	+0.162	+0.159	+0.179	+0.163	+0.159	+0.168	+0.161	+0.163
+0.175	+0.184	+0.177	+0.184	+0.178	+0.190	+0.180	+0.179	+0.185	+0.102	+0.099	+0.099
+0.137	+0.146	+0.163	+0.161	+0.152	+0.146	+0.149	+0.137	+0.139	+0.132	+0.136	+0.114
+0.128	+0.138	+0.139	+0.136	+0.143	+0.140	+0.143	+0.139	+0.129	+0.122	+0.125	+0.125
+0.126	+0.127	+0.129	+0.131	+0.146	+0.144	+0.156	+0.134	+0.132	+0.135	+0.132	+0.117
+0.134	+0.132	+0.133	+0.135	+0.136	+0.138	+0.132	+0.133	+0.142	+0.092	+0.096	+0.098


+0.125	+0.145	+0.154	+0.144	+0.144	+0.139	+0.144	+0.133	+0.127	+0.130	+0.124	+0.127
+0.134	+0.141	+0.143	+0.142	+0.145	+0.142	+0.149	+0.145	+0.144	+0.137	+0.132	+0.128
+0.135	+0.138	+0.137	+0.145	+0.163	+0.159	+0.180	+0.163	+0.159	+0.167	+0.161	+0.164
+0.175	+0.185	+0.177	+0.185	+0.178	+0.190	+0.180	+0.180	+0.186	+0.102	+0.099	+0.099
+0.137	+0.146	+0.163	+0.160	+0.152	+0.147	+0.150	+0.137	+0.140	+0.132	+0.135	+0.114
+0.129	+0.138	+0.139	+0.136	+0.143	+0.140	+0.142	+0.138	+0.128	+0.122	+0.125	+0.125
+0.125	+0.127	+0.129	+0.131	+0.146	+0.144	+0.156	+0.134	+0.132	+0.135	+0.133	+0.116
+0.134	+0.132	+0.132	+0.136	+0.137	+0.138	+0.132	+0.133	+0.142	+0.092	+0.095	+0.098


+0.125	+0.145	+0.154	+0.144	+0.144	+0.139	+0.144	+0.134	+0.127	+0.130	+0.124	+0.127
+0.134	+0.141	+0.143	+0.142	+0.146	+0.142	+0.148	+0.146	+0.145	+0.137	+0.132	+0.127
+0.135	+0.138	+0.137	+0.145	+0.163	+0.160	+0.180	+0.163	+0.159	+0.168	+0.162	+0.165
+0.176	+0.185	+0.178	+0.186	+0.178	+0.191	+0.181	+0.180	+0.187	+0.102	+0.099	+0.098
+0.137	+0.146	+0.163	+0.160	+0.152	+0.147	+0.149	+0.138	+0.140	+0.132	+0.135	+0.114
+0.128	+0.138	+0.139	+0.136	+0.143	+0.140	+0.142	+0.138	+0.128	+0.122	+0.125	+0.126
+0.125	+0.127	+0.129	+0.131	+0.146	+0.144	+0.156	+0.133	+0.132	+0.135	+0.132	+0.116
+0.134	+0.132	+0.133	+0.135	+0.137	+0.138	+0.133	+0.133	+0.143	+0.092	+0.096	+0.098


+0.125	+0.145	+0.154	+0.144	+0.144	+0.139	+0.144	+0.133	+0.127	+0.130	+0.123	+0.127
+0.134	+0.141	+0.143	+0.141	+0.145	+0.142	+0.148	+0.146	+0.145	+0.137	+0.132	+0.128
+0.135	+0.138	+0.137	+0.145	+0.162	+0.160	+0.180	+0.163	+0.160	+0.168	+0.162	+0.166
+0.176	+0.186	+0.179	+0.187	+0.179	+0.192	+0.182	+0.181	+0.188	+0.102	+0.100	+0.099
+0.137	+0.146	+0.163	+0.160	+0.152	+0.147	+0.149	+0.137	+0.140	+0.132	+0.136	+0.114
+0.129	+0.138	+0.139	+0.136	+0.143	+0.139	+0.142	+0.139	+0.129	+0.122	+0.125	+0.125
+0.126	+0.127	+0.129	+0.131	+0.146	+0.144	+0.155	+0.134	+0.132	+0.135	+0.133	+0.117
+0.134	+0.132	+0.133	+0.136	+0.136	+0.138	+0.132	+0.133	+0.143	+0.091	+0.096	+0.098


