

+0.808	+0.795	+0.811	+0.850	+0.798	+0.814	+0.113	+0.111	+0.106	+0.106	+0.102	+0.095
+0.823	+0.787	+0.811	+0.793	+0.767	+0.783	+0.115	+0.119	+0.113	+0.127	+0.113	+0.108
+0.838	+0.834	+0.840	+0.830	+0.839	+0.842	+0.120	+0.116	+0.122	+0.114	+0.111	+0.106
+0.872	+0.853	+0.854	+0.848	+0.842	+0.845	+0.120	+0.114	+0.124	+0.134	+0.120	+0.113
+0.112	+0.121	+0.128	+0.131	+0.134	+0.121	+0.127	+0.107	+0.108	+0.105	+0.111	+0.103
+0.109	+0.116	+0.110	+0.102	+0.112	+0.119	+0.114	+0.104	+0.101	+0.097	+0.106	+0.102
+0.110	+0.117	+0.105	+0.107	+0.113	+0.117	+0.125	+0.112	+0.106	+0.103	+0.111	+0.101
+0.101	+0.101	+0.098	+0.105	+0.106	+0.114	+0.116	+0.106	+0.100	+0.096	+0.098	+0.099


+0.801	+0.788	+0.809	+0.847	+0.789	+0.810	+0.114	+0.113	+0.108	+0.108	+0.104	+0.096
+0.816	+0.787	+0.811	+0.792	+0.769	+0.787	+0.115	+0.120	+0.114	+0.128	+0.115	+0.108
+0.839	+0.837	+0.843	+0.832	+0.842	+0.845	+0.121	+0.118	+0.123	+0.116	+0.113	+0.107
+0.875	+0.855	+0.856	+0.849	+0.847	+0.849	+0.121	+0.117	+0.126	+0.136	+0.122	+0.115
+0.113	+0.121	+0.131	+0.130	+0.136	+0.123	+0.127	+0.109	+0.108	+0.107	+0.112	+0.104
+0.109	+0.118	+0.111	+0.102	+0.112	+0.120	+0.114	+0.105	+0.101	+0.097	+0.105	+0.103
+0.112	+0.118	+0.107	+0.108	+0.115	+0.118	+0.125	+0.114	+0.107	+0.104	+0.112	+0.103
+0.102	+0.104	+0.101	+0.105	+0.108	+0.115	+0.116	+0.108	+0.101	+0.097	+0.099	+0.101


+0.814	+0.777	+0.798	+0.838	+0.781	+0.797	+0.112	+0.112	+0.107	+0.108	+0.101	+0.092
+0.813	+0.787	+0.810	+0.791	+0.765	+0.788	+0.115	+0.119	+0.115	+0.128	+0.113	+0.106
+0.839	+0.838	+0.842	+0.833	+0.842	+0.848	+0.120	+0.117	+0.123	+0.116	+0.111	+0.106
+0.870	+0.853	+0.853	+0.846	+0.844	+0.847	+0.119	+0.114	+0.125	+0.134	+0.119	+0.111
+0.111	+0.120	+0.129	+0.130	+0.134	+0.121	+0.126	+0.107	+0.108	+0.106	+0.110	+0.102
+0.110	+0.117	+0.109	+0.102	+0.111	+0.119	+0.114	+0.104	+0.101	+0.097	+0.105	+0.102
+0.111	+0.119	+0.107	+0.108	+0.113	+0.118	+0.126	+0.113	+0.108	+0.104	+0.111	+0.102
+0.100	+0.101	+0.100	+0.106	+0.106	+0.114	+0.115	+0.108	+0.099	+0.095	+0.097	+0.098


+0.812	+0.771	+0.793	+0.835	+0.776	+0.792	+0.113	+0.110	+0.107	+0.107	+0.103	+0.094
+0.812	+0.787	+0.811	+0.791	+0.767	+0.786	+0.115	+0.119	+0.115	+0.127	+0.113	+0.108
+0.836	+0.838	+0.842	+0.831	+0.840	+0.845	+0.120	+0.115	+0.122	+0.114	+0.111	+0.106
+0.869	+0.854	+0.850	+0.845	+0.842	+0.845	+0.120	+0.113	+0.125	+0.132	+0.119	+0.111
+0.111	+0.120	+0.128	+0.130	+0.134	+0.122	+0.125	+0.107	+0.108	+0.107	+0.111	+0.103
+0.110	+0.117	+0.111	+0.102	+0.113	+0.120	+0.113	+0.105	+0.101	+0.097	+0.105	+0.103
+0.111	+0.116	+0.105	+0.107	+0.113	+0.117	+0.124	+0.112	+0.107	+0.103	+0.110	+0.101
+0.101	+0.101	+0.099	+0.105	+0.106	+0.114	+0.114	+0.107	+0.100	+0.095	+0.096	+0.099


+0.804	+0.765	+0.788	+0.826	+0.772	+0.792	+0.113	+0.111	+0.106	+0.107	+0.101	+0.094
+0.810	+0.787	+0.809	+0.790	+0.766	+0.786	+0.116	+0.119	+0.114	+0.128	+0.113	+0.107
+0.837	+0.838	+0.842	+0.831	+0.842	+0.848	+0.121	+0.117	+0.122	+0.116	+0.113	+0.105
+0.869	+0.852	+0.851	+0.845	+0.843	+0.846	+0.120	+0.114	+0.124	+0.134	+0.119	+0.112
+0.110	+0.120	+0.129	+0.129	+0.134	+0.122	+0.126	+0.107	+0.108	+0.106	+0.110	+0.101
+0.109	+0.117	+0.110	+0.101	+0.112	+0.119	+0.114	+0.105	+0.102	+0.097	+0.106	+0.101
+0.111	+0.118	+0.106	+0.107	+0.114	+0.118	+0.125	+0.113	+0.108	+0.103	+0.111	+0.102
+0.099	+0.102	+0.099	+0.104	+0.106	+0.114	+0.115	+0.107	+0.100	+0.096	+0.099	+0.098


+0.799	+0.757	+0.783	+0.818	+0.769	+0.783	+0.115	+0.113	+0.108	+0.108	+0.103	+0.095
+0.809	+0.786	+0.808	+0.789	+0.766	+0.786	+0.116	+0.120	+0.115	+0.128	+0.113	+0.107
+0.835	+0.835	+0.841	+0.830	+0.840	+0.845	+0.120	+0.116	+0.122	+0.115	+0.111	+0.105
+0.867	+0.852	+0.851	+0.845	+0.845	+0.848	+0.120	+0.116	+0.125	+0.136	+0.120	+0.113
+0.112	+0.121	+0.129	+0.130	+0.134	+0.122	+0.127	+0.109	+0.109	+0.107	+0.111	+0.103
+0.110	+0.118	+0.111	+0.102	+0.113	+0.120	+0.115	+0.106	+0.101	+0.097	+0.106	+0.102
+0.110	+0.118	+0.106	+0.107	+0.112	+0.117	+0.124	+0.113	+0.106	+0.103	+0.111	+0.101
+0.100	+0.102	+0.101	+0.105	+0.106	+0.114	+0.116	+0.109	+0.100	+0.096	+0.098	+0.099


+0.791	+0.750	+0.777	+0.811	+0.766	+0.775	+0.113	+0.112	+0.107	+0.108	+0.103	+0.096
+0.809	+0.785	+0.808	+0.789	+0.764	+0.785	+0.115	+0.119	+0.114	+0.128	+0.114	+0.108
+0.836	+0.836	+0.842	+0.830	+0.841	+0.847	+0.120	+0.117	+0.123	+0.115	+0.111	+0.106
+0.872	+0.851	+0.850	+0.843	+0.846	+0.847	+0.119	+0.115	+0.125	+0.135	+0.120	+0.113
+0.112	+0.121	+0.130	+0.130	+0.136	+0.123	+0.127	+0.107	+0.109	+0.106	+0.112	+0.104
+0.109	+0.117	+0.111	+0.103	+0.113	+0.120	+0.114	+0.105	+0.101	+0.097	+0.107	+0.103
+0.111	+0.118	+0.106	+0.108	+0.114	+0.118	+0.124	+0.113	+0.107	+0.103	+0.111	+0.101
+0.100	+0.102	+0.100	+0.105	+0.106	+0.115	+0.115	+0.107	+0.101	+0.095	+0.098	+0.099


+0.781	+0.745	+0.767	+0.801	+0.759	+0.768	+0.112	+0.112	+0.106	+0.107	+0.101	+0.094
+0.806	+0.782	+0.806	+0.787	+0.764	+0.782	+0.114	+0.118	+0.113	+0.126	+0.113	+0.106
+0.833	+0.833	+0.838	+0.828	+0.841	+0.845	+0.120	+0.116	+0.121	+0.114	+0.111	+0.105
+0.867	+0.850	+0.848	+0.841	+0.843	+0.846	+0.120	+0.113	+0.123	+0.134	+0.119	+0.112
+0.111	+0.120	+0.129	+0.129	+0.134	+0.121	+0.126	+0.108	+0.108	+0.106	+0.110	+0.102
+0.109	+0.116	+0.110	+0.102	+0.111	+0.119	+0.114	+0.104	+0.100	+0.096	+0.104	+0.102
+0.111	+0.117	+0.105	+0.106	+0.113	+0.117	+0.124	+0.113	+0.107	+0.102	+0.110	+0.101
+0.100	+0.102	+0.100	+0.105	+0.106	+0.113	+0.114	+0.107	+0.101	+0.095	+0.097	+0.099


+0.772	+0.735	+0.760	+0.794	+0.754	+0.762	+0.113	+0.111	+0.107	+0.107	+0.102	+0.094
+0.805	+0.781	+0.804	+0.785	+0.766	+0.780	+0.115	+0.119	+0.114	+0.127	+0.113	+0.107
+0.834	+0.832	+0.837	+0.828	+0.841	+0.846	+0.120	+0.117	+0.123	+0.114	+0.110	+0.106
+0.865	+0.848	+0.847	+0.841	+0.844	+0.850	+0.121	+0.115	+0.125	+0.135	+0.119	+0.113
+0.111	+0.121	+0.129	+0.129	+0.135	+0.121	+0.126	+0.108	+0.109	+0.106	+0.110	+0.102
+0.108	+0.117	+0.110	+0.101	+0.112	+0.119	+0.114	+0.104	+0.101	+0.096	+0.105	+0.102
+0.109	+0.117	+0.105	+0.106	+0.113	+0.117	+0.124	+0.113	+0.107	+0.102	+0.110	+0.101
+0.100	+0.103	+0.100	+0.105	+0.107	+0.114	+0.115	+0.108	+0.101	+0.096	+0.098	+0.099


+0.766	+0.728	+0.754	+0.782	+0.752	+0.758	+0.113	+0.112	+0.108	+0.107	+0.101	+0.094
+0.805	+0.781	+0.803	+0.784	+0.764	+0.780	+0.115	+0.118	+0.114	+0.127	+0.112	+0.106
+0.835	+0.835	+0.837	+0.828	+0.841	+0.848	+0.120	+0.117	+0.122	+0.115	+0.111	+0.106
+0.865	+0.848	+0.846	+0.840	+0.846	+0.846	+0.120	+0.114	+0.124	+0.135	+0.119	+0.112
+0.111	+0.121	+0.129	+0.130	+0.135	+0.122	+0.126	+0.107	+0.107	+0.106	+0.111	+0.103
+0.109	+0.116	+0.110	+0.102	+0.112	+0.118	+0.113	+0.104	+0.100	+0.097	+0.105	+0.102
+0.110	+0.117	+0.105	+0.108	+0.114	+0.117	+0.124	+0.113	+0.106	+0.104	+0.111	+0.102
+0.099	+0.101	+0.099	+0.105	+0.106	+0.112	+0.113	+0.107	+0.099	+0.096	+0.097	+0.100


+0.754	+0.719	+0.749	+0.772	+0.746	+0.754	+0.114	+0.111	+0.108	+0.108	+0.102	+0.095
+0.803	+0.779	+0.802	+0.783	+0.763	+0.779	+0.115	+0.120	+0.116	+0.128	+0.113	+0.108
+0.833	+0.829	+0.838	+0.829	+0.841	+0.848	+0.121	+0.116	+0.123	+0.115	+0.112	+0.106
+0.865	+0.848	+0.846	+0.839	+0.843	+0.847	+0.120	+0.115	+0.126	+0.135	+0.120	+0.113
+0.112	+0.121	+0.129	+0.130	+0.134	+0.122	+0.126	+0.108	+0.109	+0.106	+0.111	+0.103
+0.110	+0.118	+0.111	+0.101	+0.112	+0.120	+0.114	+0.105	+0.102	+0.097	+0.106	+0.103
+0.112	+0.118	+0.107	+0.108	+0.114	+0.118	+0.124	+0.113	+0.109	+0.103	+0.112	+0.103
+0.102	+0.103	+0.100	+0.105	+0.106	+0.114	+0.115	+0.108	+0.101	+0.095	+0.097	+0.100


+0.744	+0.712	+0.737	+0.763	+0.740	+0.748	+0.113	+0.111	+0.107	+0.107	+0.101	+0.094
+0.802	+0.778	+0.801	+0.781	+0.762	+0.778	+0.114	+0.119	+0.113	+0.127	+0.112	+0.106
+0.832	+0.830	+0.836	+0.830	+0.841	+0.851	+0.121	+0.116	+0.123	+0.115	+0.111	+0.105
+0.864	+0.844	+0.843	+0.836	+0.844	+0.848	+0.120	+0.114	+0.125	+0.134	+0.118	+0.112
+0.111	+0.121	+0.129	+0.130	+0.135	+0.122	+0.126	+0.108	+0.108	+0.106	+0.111	+0.103
+0.108	+0.116	+0.109	+0.101	+0.112	+0.119	+0.113	+0.104	+0.100	+0.096	+0.106	+0.101
+0.111	+0.117	+0.106	+0.108	+0.114	+0.118	+0.125	+0.113	+0.107	+0.104	+0.111	+0.102
+0.100	+0.102	+0.100	+0.104	+0.106	+0.114	+0.115	+0.108	+0.101	+0.096	+0.098	+0.099


+0.732	+0.704	+0.731	+0.754	+0.737	+0.744	+0.113	+0.111	+0.107	+0.106	+0.102	+0.095
+0.801	+0.778	+0.800	+0.782	+0.762	+0.777	+0.115	+0.119	+0.113	+0.127	+0.113	+0.107
+0.830	+0.828	+0.834	+0.829	+0.841	+0.852	+0.121	+0.116	+0.122	+0.115	+0.111	+0.106
+0.862	+0.844	+0.843	+0.836	+0.845	+0.846	+0.121	+0.114	+0.126	+0.135	+0.120	+0.114
+0.112	+0.121	+0.129	+0.130	+0.134	+0.122	+0.126	+0.108	+0.108	+0.106	+0.111	+0.102
+0.109	+0.117	+0.110	+0.102	+0.112	+0.119	+0.113	+0.105	+0.101	+0.097	+0.105	+0.101
+0.111	+0.118	+0.106	+0.108	+0.113	+0.117	+0.124	+0.113	+0.106	+0.103	+0.111	+0.101
+0.101	+0.103	+0.101	+0.106	+0.106	+0.114	+0.116	+0.108	+0.101	+0.097	+0.098	+0.099


+0.719	+0.696	+0.724	+0.744	+0.733	+0.739	+0.114	+0.111	+0.108	+0.108	+0.103	+0.095
+0.801	+0.776	+0.799	+0.781	+0.762	+0.777	+0.116	+0.119	+0.115	+0.128	+0.114	+0.107
+0.832	+0.829	+0.836	+0.829	+0.842	+0.854	+0.120	+0.117	+0.123	+0.115	+0.112	+0.106
+0.864	+0.842	+0.842	+0.836	+0.845	+0.848	+0.121	+0.115	+0.126	+0.135	+0.121	+0.113
+0.112	+0.121	+0.130	+0.131	+0.134	+0.122	+0.127	+0.108	+0.109	+0.106	+0.112	+0.103
+0.110	+0.118	+0.111	+0.102	+0.113	+0.120	+0.114	+0.105	+0.101	+0.098	+0.107	+0.103
+0.111	+0.118	+0.106	+0.108	+0.114	+0.118	+0.125	+0.113	+0.108	+0.104	+0.112	+0.103
+0.101	+0.103	+0.100	+0.106	+0.106	+0.115	+0.117	+0.108	+0.100	+0.097	+0.099	+0.100


+0.706	+0.689	+0.716	+0.734	+0.728	+0.733	+0.114	+0.112	+0.108	+0.108	+0.102	+0.095
+0.798	+0.774	+0.798	+0.778	+0.761	+0.775	+0.115	+0.119	+0.114	+0.127	+0.112	+0.107
+0.831	+0.827	+0.834	+0.829	+0.840	+0.854	+0.121	+0.118	+0.123	+0.115	+0.111	+0.107
+0.862	+0.843	+0.841	+0.835	+0.844	+0.846	+0.121	+0.115	+0.126	+0.134	+0.120	+0.114
+0.112	+0.121	+0.130	+0.131	+0.135	+0.123	+0.128	+0.108	+0.109	+0.106	+0.111	+0.104
+0.109	+0.117	+0.111	+0.102	+0.112	+0.119	+0.114	+0.103	+0.101	+0.097	+0.105	+0.103
+0.111	+0.118	+0.106	+0.109	+0.113	+0.118	+0.125	+0.113	+0.107	+0.104	+0.112	+0.102
+0.101	+0.102	+0.101	+0.106	+0.106	+0.115	+0.117	+0.107	+0.101	+0.097	+0.098	+0.100


+0.697	+0.679	+0.708	+0.726	+0.724	+0.730	+0.114	+0.112	+0.108	+0.108	+0.103	+0.095
+0.797	+0.773	+0.797	+0.777	+0.759	+0.776	+0.116	+0.119	+0.114	+0.127	+0.113	+0.107
+0.830	+0.826	+0.834	+0.829	+0.841	+0.857	+0.120	+0.116	+0.123	+0.115	+0.111	+0.107
+0.862	+0.839	+0.840	+0.835	+0.845	+0.847	+0.122	+0.116	+0.125	+0.135	+0.120	+0.114
+0.112	+0.121	+0.130	+0.130	+0.135	+0.123	+0.127	+0.108	+0.108	+0.106	+0.112	+0.103
+0.109	+0.117	+0.111	+0.102	+0.112	+0.120	+0.113	+0.104	+0.101	+0.097	+0.105	+0.102
+0.111	+0.118	+0.107	+0.108	+0.114	+0.118	+0.124	+0.113	+0.107	+0.103	+0.111	+0.102
+0.101	+0.103	+0.102	+0.106	+0.107	+0.115	+0.116	+0.108	+0.102	+0.096	+0.099	+0.100


+0.687	+0.671	+0.699	+0.714	+0.719	+0.724	+0.114	+0.111	+0.108	+0.107	+0.102	+0.095
+0.794	+0.772	+0.794	+0.775	+0.759	+0.775	+0.114	+0.118	+0.115	+0.127	+0.114	+0.106
+0.827	+0.825	+0.830	+0.827	+0.840	+0.855	+0.120	+0.115	+0.122	+0.114	+0.111	+0.105
+0.862	+0.839	+0.837	+0.831	+0.844	+0.845	+0.119	+0.113	+0.125	+0.133	+0.119	+0.111
+0.112	+0.120	+0.130	+0.130	+0.134	+0.122	+0.125	+0.108	+0.109	+0.106	+0.112	+0.103
+0.109	+0.116	+0.111	+0.102	+0.112	+0.119	+0.113	+0.104	+0.102	+0.097	+0.106	+0.102
+0.110	+0.117	+0.106	+0.108	+0.112	+0.118	+0.124	+0.113	+0.108	+0.103	+0.111	+0.101
+0.099	+0.101	+0.100	+0.105	+0.105	+0.113	+0.114	+0.108	+0.101	+0.096	+0.098	+0.098


+0.682	+0.666	+0.692	+0.706	+0.719	+0.723	+0.115	+0.113	+0.108	+0.109	+0.102	+0.096
+0.795	+0.770	+0.794	+0.775	+0.759	+0.775	+0.115	+0.119	+0.114	+0.127	+0.113	+0.107
+0.828	+0.825	+0.832	+0.829	+0.843	+0.860	+0.121	+0.117	+0.122	+0.115	+0.111	+0.105
+0.861	+0.838	+0.836	+0.832	+0.846	+0.848	+0.121	+0.114	+0.125	+0.134	+0.119	+0.113
+0.112	+0.122	+0.130	+0.130	+0.136	+0.122	+0.128	+0.110	+0.109	+0.107	+0.113	+0.104
+0.108	+0.117	+0.110	+0.101	+0.112	+0.119	+0.114	+0.106	+0.100	+0.097	+0.105	+0.102
+0.111	+0.118	+0.105	+0.106	+0.113	+0.117	+0.124	+0.113	+0.107	+0.103	+0.111	+0.101
+0.100	+0.102	+0.099	+0.104	+0.107	+0.113	+0.116	+0.108	+0.100	+0.096	+0.098	+0.099


+0.673	+0.656	+0.684	+0.694	+0.713	+0.716	+0.114	+0.112	+0.107	+0.108	+0.103	+0.096
+0.792	+0.769	+0.793	+0.773	+0.758	+0.775	+0.115	+0.118	+0.114	+0.127	+0.113	+0.107
+0.826	+0.823	+0.829	+0.826	+0.840	+0.858	+0.120	+0.116	+0.122	+0.115	+0.111	+0.106
+0.858	+0.837	+0.833	+0.827	+0.842	+0.845	+0.120	+0.113	+0.125	+0.134	+0.119	+0.113
+0.112	+0.122	+0.129	+0.131	+0.135	+0.124	+0.127	+0.109	+0.110	+0.107	+0.111	+0.103
+0.109	+0.117	+0.110	+0.102	+0.113	+0.120	+0.114	+0.105	+0.100	+0.097	+0.106	+0.102
+0.111	+0.118	+0.106	+0.107	+0.113	+0.118	+0.124	+0.112	+0.108	+0.104	+0.111	+0.101
+0.100	+0.102	+0.100	+0.105	+0.106	+0.115	+0.115	+0.107	+0.100	+0.096	+0.097	+0.098


+0.671	+0.647	+0.675	+0.685	+0.709	+0.711	+0.114	+0.112	+0.107	+0.107	+0.102	+0.094
+0.793	+0.769	+0.792	+0.772	+0.759	+0.774	+0.115	+0.119	+0.115	+0.128	+0.113	+0.107
+0.828	+0.825	+0.831	+0.829	+0.841	+0.861	+0.121	+0.117	+0.123	+0.116	+0.112	+0.106
+0.859	+0.838	+0.835	+0.828	+0.845	+0.846	+0.121	+0.115	+0.125	+0.135	+0.121	+0.113
+0.113	+0.122	+0.130	+0.130	+0.135	+0.123	+0.127	+0.107	+0.109	+0.107	+0.111	+0.103
+0.110	+0.118	+0.111	+0.102	+0.112	+0.120	+0.114	+0.105	+0.102	+0.097	+0.106	+0.102
+0.111	+0.119	+0.106	+0.108	+0.114	+0.119	+0.126	+0.113	+0.109	+0.104	+0.112	+0.102
+0.101	+0.103	+0.100	+0.106	+0.107	+0.115	+0.116	+0.108	+0.102	+0.097	+0.099	+0.100


+0.671	+0.640	+0.665	+0.676	+0.706	+0.708	+0.114	+0.111	+0.107	+0.108	+0.103	+0.095
+0.791	+0.767	+0.789	+0.771	+0.759	+0.773	+0.116	+0.119	+0.114	+0.128	+0.113	+0.108
+0.826	+0.824	+0.829	+0.827	+0.842	+0.860	+0.120	+0.116	+0.123	+0.116	+0.112	+0.105
+0.857	+0.834	+0.832	+0.827	+0.844	+0.846	+0.121	+0.115	+0.125	+0.134	+0.120	+0.113
+0.112	+0.122	+0.129	+0.130	+0.135	+0.122	+0.126	+0.108	+0.109	+0.107	+0.112	+0.103
+0.110	+0.119	+0.111	+0.102	+0.113	+0.120	+0.114	+0.105	+0.102	+0.097	+0.106	+0.102
+0.111	+0.119	+0.106	+0.107	+0.114	+0.117	+0.126	+0.113	+0.107	+0.104	+0.111	+0.102
+0.101	+0.103	+0.100	+0.105	+0.107	+0.113	+0.116	+0.108	+0.101	+0.097	+0.098	+0.100


+0.662	+0.631	+0.657	+0.666	+0.702	+0.702	+0.114	+0.112	+0.108	+0.108	+0.102	+0.095
+0.790	+0.766	+0.789	+0.770	+0.758	+0.772	+0.116	+0.120	+0.115	+0.129	+0.113	+0.107
+0.826	+0.824	+0.829	+0.827	+0.841	+0.857	+0.121	+0.118	+0.123	+0.117	+0.112	+0.106
+0.858	+0.834	+0.830	+0.824	+0.851	+0.846	+0.121	+0.115	+0.126	+0.135	+0.121	+0.113
+0.112	+0.122	+0.129	+0.130	+0.134	+0.123	+0.127	+0.108	+0.108	+0.107	+0.112	+0.104
+0.109	+0.117	+0.111	+0.101	+0.112	+0.119	+0.114	+0.106	+0.101	+0.097	+0.106	+0.103
+0.112	+0.119	+0.106	+0.108	+0.115	+0.118	+0.126	+0.114	+0.108	+0.104	+0.112	+0.103
+0.101	+0.103	+0.101	+0.105	+0.106	+0.114	+0.116	+0.108	+0.101	+0.097	+0.100	+0.101


+0.652	+0.623	+0.649	+0.656	+0.697	+0.697	+0.114	+0.111	+0.105	+0.107	+0.101	+0.094
+0.788	+0.764	+0.788	+0.769	+0.756	+0.772	+0.116	+0.119	+0.113	+0.127	+0.113	+0.107
+0.825	+0.822	+0.829	+0.827	+0.842	+0.860	+0.121	+0.116	+0.121	+0.115	+0.111	+0.105
+0.855	+0.831	+0.829	+0.823	+0.842	+0.845	+0.120	+0.114	+0.123	+0.134	+0.119	+0.112
+0.111	+0.121	+0.129	+0.130	+0.134	+0.121	+0.126	+0.107	+0.108	+0.107	+0.111	+0.103
+0.109	+0.117	+0.111	+0.102	+0.112	+0.119	+0.114	+0.105	+0.101	+0.097	+0.105	+0.103
+0.111	+0.118	+0.106	+0.108	+0.114	+0.118	+0.124	+0.113	+0.107	+0.104	+0.112	+0.102
+0.100	+0.102	+0.100	+0.105	+0.106	+0.112	+0.115	+0.107	+0.100	+0.096	+0.098	+0.100


+0.641	+0.615	+0.642	+0.646	+0.695	+0.694	+0.115	+0.112	+0.108	+0.109	+0.102	+0.095
+0.786	+0.764	+0.786	+0.767	+0.757	+0.772	+0.116	+0.119	+0.114	+0.128	+0.113	+0.107
+0.825	+0.822	+0.827	+0.824	+0.842	+0.856	+0.122	+0.117	+0.123	+0.116	+0.112	+0.107
+0.853	+0.831	+0.827	+0.821	+0.843	+0.845	+0.121	+0.114	+0.125	+0.135	+0.119	+0.112
+0.112	+0.121	+0.130	+0.131	+0.136	+0.123	+0.128	+0.108	+0.109	+0.106	+0.111	+0.105
+0.110	+0.117	+0.111	+0.102	+0.113	+0.120	+0.114	+0.105	+0.102	+0.097	+0.105	+0.103
+0.111	+0.118	+0.106	+0.109	+0.115	+0.119	+0.125	+0.113	+0.108	+0.103	+0.112	+0.103
+0.101	+0.102	+0.100	+0.106	+0.107	+0.114	+0.116	+0.107	+0.101	+0.095	+0.097	+0.101


+0.623	+0.606	+0.631	+0.636	+0.689	+0.688	+0.114	+0.113	+0.107	+0.108	+0.101	+0.095
+0.786	+0.763	+0.785	+0.768	+0.755	+0.772	+0.115	+0.120	+0.114	+0.127	+0.113	+0.107
+0.822	+0.820	+0.824	+0.825	+0.839	+0.853	+0.119	+0.117	+0.122	+0.115	+0.110	+0.105
+0.851	+0.828	+0.825	+0.823	+0.841	+0.843	+0.119	+0.115	+0.124	+0.134	+0.118	+0.112
+0.112	+0.121	+0.128	+0.129	+0.135	+0.122	+0.126	+0.108	+0.109	+0.106	+0.111	+0.103
+0.109	+0.117	+0.110	+0.102	+0.112	+0.119	+0.114	+0.105	+0.101	+0.097	+0.105	+0.103
+0.111	+0.118	+0.104	+0.107	+0.112	+0.117	+0.124	+0.113	+0.107	+0.103	+0.110	+0.102
+0.100	+0.102	+0.098	+0.104	+0.105	+0.113	+0.114	+0.107	+0.100	+0.096	+0.096	+0.099


+0.609	+0.599	+0.625	+0.628	+0.688	+0.683	+0.115	+0.113	+0.108	+0.109	+0.103	+0.096
+0.785	+0.761	+0.783	+0.766	+0.755	+0.771	+0.116	+0.121	+0.115	+0.128	+0.114	+0.108
+0.821	+0.818	+0.824	+0.824	+0.840	+0.851	+0.121	+0.117	+0.123	+0.115	+0.111	+0.106
+0.849	+0.829	+0.825	+0.820	+0.844	+0.846	+0.122	+0.115	+0.126	+0.135	+0.119	+0.114
+0.113	+0.123	+0.130	+0.131	+0.136	+0.124	+0.128	+0.109	+0.109	+0.107	+0.113	+0.104
+0.110	+0.118	+0.111	+0.103	+0.114	+0.121	+0.115	+0.106	+0.102	+0.098	+0.108	+0.103
+0.112	+0.118	+0.106	+0.107	+0.113	+0.118	+0.126	+0.113	+0.107	+0.104	+0.112	+0.102
+0.101	+0.103	+0.101	+0.106	+0.107	+0.115	+0.117	+0.108	+0.101	+0.097	+0.100	+0.100


+0.596	+0.589	+0.615	+0.617	+0.682	+0.677	+0.114	+0.111	+0.107	+0.107	+0.102	+0.094
+0.782	+0.758	+0.781	+0.764	+0.754	+0.769	+0.115	+0.119	+0.114	+0.127	+0.113	+0.107
+0.820	+0.820	+0.823	+0.824	+0.841	+0.849	+0.121	+0.117	+0.123	+0.115	+0.112	+0.105
+0.847	+0.828	+0.824	+0.818	+0.843	+0.844	+0.120	+0.114	+0.124	+0.134	+0.119	+0.111
+0.111	+0.120	+0.128	+0.129	+0.134	+0.121	+0.126	+0.108	+0.107	+0.107	+0.112	+0.104
+0.109	+0.117	+0.110	+0.101	+0.111	+0.119	+0.113	+0.105	+0.101	+0.097	+0.106	+0.103
+0.110	+0.118	+0.105	+0.108	+0.113	+0.116	+0.124	+0.113	+0.106	+0.104	+0.111	+0.102
+0.100	+0.101	+0.099	+0.105	+0.106	+0.113	+0.114	+0.107	+0.099	+0.097	+0.098	+0.099


+0.587	+0.581	+0.606	+0.607	+0.679	+0.673	+0.114	+0.111	+0.106	+0.108	+0.102	+0.094
+0.780	+0.756	+0.779	+0.762	+0.753	+0.768	+0.115	+0.119	+0.112	+0.127	+0.113	+0.106
+0.820	+0.817	+0.822	+0.823	+0.839	+0.847	+0.121	+0.116	+0.122	+0.115	+0.112	+0.105
+0.843	+0.824	+0.823	+0.816	+0.841	+0.842	+0.120	+0.114	+0.123	+0.133	+0.118	+0.111
+0.112	+0.121	+0.128	+0.130	+0.135	+0.122	+0.126	+0.108	+0.108	+0.106	+0.111	+0.103
+0.109	+0.116	+0.109	+0.100	+0.111	+0.120	+0.112	+0.104	+0.100	+0.097	+0.105	+0.102
+0.111	+0.117	+0.105	+0.107	+0.113	+0.118	+0.124	+0.112	+0.107	+0.103	+0.111	+0.101
+0.100	+0.100	+0.097	+0.104	+0.105	+0.114	+0.113	+0.107	+0.099	+0.095	+0.096	+0.099


+0.577	+0.573	+0.597	+0.597	+0.675	+0.668	+0.113	+0.111	+0.107	+0.107	+0.102	+0.094
+0.779	+0.756	+0.777	+0.761	+0.754	+0.769	+0.115	+0.119	+0.114	+0.127	+0.112	+0.107
+0.820	+0.818	+0.822	+0.824	+0.842	+0.847	+0.120	+0.117	+0.123	+0.116	+0.112	+0.106
+0.843	+0.825	+0.825	+0.818	+0.842	+0.844	+0.120	+0.115	+0.125	+0.135	+0.120	+0.113
+0.111	+0.121	+0.131	+0.130	+0.135	+0.122	+0.126	+0.108	+0.108	+0.107	+0.111	+0.102
+0.109	+0.117	+0.111	+0.101	+0.112	+0.119	+0.114	+0.105	+0.100	+0.097	+0.105	+0.101
+0.111	+0.118	+0.107	+0.108	+0.115	+0.119	+0.124	+0.114	+0.106	+0.104	+0.112	+0.101
+0.100	+0.102	+0.100	+0.106	+0.106	+0.114	+0.115	+0.108	+0.100	+0.096	+0.098	+0.098


+0.568	+0.566	+0.588	+0.588	+0.672	+0.662	+0.113	+0.112	+0.107	+0.107	+0.102	+0.094
+0.777	+0.754	+0.777	+0.761	+0.753	+0.768	+0.115	+0.119	+0.114	+0.127	+0.113	+0.106
+0.819	+0.815	+0.820	+0.823	+0.839	+0.844	+0.120	+0.117	+0.122	+0.114	+0.111	+0.104
+0.839	+0.823	+0.822	+0.815	+0.842	+0.844	+0.120	+0.114	+0.125	+0.134	+0.120	+0.112
+0.112	+0.121	+0.130	+0.130	+0.134	+0.122	+0.126	+0.108	+0.108	+0.107	+0.111	+0.103
+0.109	+0.117	+0.111	+0.101	+0.111	+0.120	+0.113	+0.105	+0.101	+0.097	+0.105	+0.102
+0.111	+0.117	+0.105	+0.107	+0.113	+0.118	+0.124	+0.114	+0.107	+0.103	+0.111	+0.101
+0.100	+0.102	+0.100	+0.105	+0.105	+0.114	+0.115	+0.108	+0.100	+0.097	+0.099	+0.100


+0.561	+0.556	+0.579	+0.577	+0.668	+0.660	+0.113	+0.110	+0.107	+0.107	+0.102	+0.094
+0.776	+0.752	+0.775	+0.758	+0.753	+0.768	+0.115	+0.118	+0.114	+0.127	+0.114	+0.106
+0.816	+0.814	+0.819	+0.820	+0.839	+0.843	+0.120	+0.115	+0.122	+0.115	+0.112	+0.105
+0.837	+0.820	+0.819	+0.811	+0.840	+0.840	+0.120	+0.113	+0.124	+0.133	+0.120	+0.112
+0.110	+0.120	+0.128	+0.129	+0.135	+0.121	+0.125	+0.107	+0.107	+0.105	+0.110	+0.101
+0.109	+0.116	+0.110	+0.101	+0.112	+0.119	+0.112	+0.104	+0.101	+0.096	+0.105	+0.101
+0.109	+0.116	+0.105	+0.107	+0.113	+0.117	+0.124	+0.113	+0.107	+0.102	+0.111	+0.101
+0.100	+0.101	+0.099	+0.104	+0.106	+0.114	+0.114	+0.107	+0.101	+0.095	+0.097	+0.099


+0.555	+0.550	+0.572	+0.566	+0.666	+0.654	+0.113	+0.111	+0.107	+0.108	+0.102	+0.095
+0.775	+0.750	+0.774	+0.756	+0.752	+0.767	+0.115	+0.119	+0.113	+0.127	+0.113	+0.107
+0.818	+0.815	+0.819	+0.820	+0.840	+0.843	+0.120	+0.117	+0.122	+0.116	+0.111	+0.105
+0.837	+0.823	+0.819	+0.811	+0.844	+0.845	+0.120	+0.115	+0.124	+0.136	+0.120	+0.112
+0.111	+0.121	+0.130	+0.130	+0.135	+0.121	+0.127	+0.108	+0.108	+0.106	+0.111	+0.102
+0.108	+0.117	+0.110	+0.101	+0.112	+0.119	+0.114	+0.105	+0.101	+0.097	+0.105	+0.102
+0.111	+0.118	+0.106	+0.107	+0.113	+0.117	+0.126	+0.113	+0.107	+0.104	+0.111	+0.102
+0.101	+0.103	+0.101	+0.105	+0.107	+0.113	+0.117	+0.109	+0.100	+0.097	+0.098	+0.099


+0.549	+0.543	+0.565	+0.558	+0.663	+0.650	+0.115	+0.112	+0.108	+0.109	+0.103	+0.095
+0.775	+0.751	+0.775	+0.756	+0.754	+0.768	+0.116	+0.119	+0.114	+0.128	+0.114	+0.108
+0.817	+0.815	+0.819	+0.818	+0.840	+0.843	+0.120	+0.116	+0.123	+0.115	+0.112	+0.106
+0.835	+0.821	+0.818	+0.809	+0.843	+0.844	+0.120	+0.114	+0.124	+0.135	+0.120	+0.113
+0.113	+0.122	+0.130	+0.131	+0.136	+0.123	+0.127	+0.109	+0.109	+0.107	+0.112	+0.103
+0.110	+0.118	+0.111	+0.102	+0.113	+0.120	+0.115	+0.106	+0.102	+0.097	+0.106	+0.103
+0.110	+0.118	+0.106	+0.108	+0.113	+0.118	+0.125	+0.113	+0.108	+0.103	+0.111	+0.101
+0.101	+0.103	+0.100	+0.106	+0.107	+0.114	+0.115	+0.108	+0.100	+0.096	+0.098	+0.099


+0.535	+0.533	+0.554	+0.546	+0.658	+0.645	+0.114	+0.113	+0.107	+0.107	+0.101	+0.095
+0.772	+0.747	+0.772	+0.755	+0.752	+0.767	+0.115	+0.119	+0.114	+0.127	+0.113	+0.107
+0.816	+0.812	+0.817	+0.816	+0.840	+0.840	+0.120	+0.117	+0.122	+0.115	+0.111	+0.106
+0.832	+0.819	+0.815	+0.807	+0.849	+0.840	+0.120	+0.115	+0.124	+0.134	+0.119	+0.112
+0.112	+0.121	+0.129	+0.130	+0.136	+0.121	+0.126	+0.109	+0.108	+0.106	+0.110	+0.103
+0.109	+0.116	+0.111	+0.102	+0.113	+0.119	+0.114	+0.105	+0.101	+0.097	+0.105	+0.102
+0.110	+0.118	+0.106	+0.108	+0.114	+0.116	+0.125	+0.113	+0.107	+0.103	+0.112	+0.101
+0.101	+0.101	+0.100	+0.105	+0.106	+0.112	+0.116	+0.108	+0.100	+0.095	+0.097	+0.099


+0.526	+0.526	+0.546	+0.538	+0.656	+0.641	+0.114	+0.112	+0.107	+0.109	+0.102	+0.095
+0.773	+0.749	+0.771	+0.754	+0.752	+0.767	+0.115	+0.119	+0.114	+0.128	+0.113	+0.107
+0.818	+0.814	+0.816	+0.813	+0.840	+0.841	+0.120	+0.117	+0.122	+0.116	+0.111	+0.106
+0.832	+0.820	+0.816	+0.806	+0.840	+0.843	+0.119	+0.114	+0.124	+0.135	+0.119	+0.112
+0.112	+0.121	+0.129	+0.130	+0.135	+0.122	+0.127	+0.108	+0.109	+0.106	+0.112	+0.103
+0.109	+0.117	+0.110	+0.101	+0.113	+0.120	+0.114	+0.104	+0.101	+0.097	+0.105	+0.103
+0.111	+0.118	+0.106	+0.108	+0.114	+0.118	+0.124	+0.114	+0.107	+0.103	+0.112	+0.102
+0.101	+0.102	+0.097	+0.106	+0.106	+0.114	+0.115	+0.107	+0.100	+0.095	+0.098	+0.099


+0.518	+0.519	+0.540	+0.528	+0.654	+0.636	+0.115	+0.113	+0.108	+0.109	+0.103	+0.096
+0.770	+0.746	+0.770	+0.753	+0.752	+0.767	+0.115	+0.120	+0.114	+0.128	+0.113	+0.108
+0.814	+0.812	+0.816	+0.810	+0.839	+0.841	+0.121	+0.117	+0.123	+0.115	+0.112	+0.106
+0.829	+0.818	+0.814	+0.805	+0.840	+0.841	+0.120	+0.115	+0.125	+0.135	+0.120	+0.113
+0.113	+0.123	+0.129	+0.131	+0.135	+0.123	+0.127	+0.108	+0.111	+0.108	+0.113	+0.104
+0.110	+0.117	+0.110	+0.101	+0.112	+0.120	+0.114	+0.105	+0.101	+0.097	+0.106	+0.102
+0.112	+0.119	+0.105	+0.107	+0.113	+0.119	+0.125	+0.113	+0.109	+0.104	+0.112	+0.102
+0.101	+0.103	+0.099	+0.105	+0.106	+0.114	+0.115	+0.108	+0.101	+0.097	+0.098	+0.099


+0.509	+0.509	+0.531	+0.517	+0.649	+0.631	+0.113	+0.111	+0.107	+0.108	+0.102	+0.096
+0.768	+0.744	+0.767	+0.750	+0.750	+0.764	+0.115	+0.119	+0.113	+0.128	+0.113	+0.108
+0.812	+0.809	+0.814	+0.807	+0.838	+0.839	+0.120	+0.116	+0.121	+0.115	+0.110	+0.106
+0.829	+0.816	+0.811	+0.804	+0.842	+0.843	+0.119	+0.115	+0.124	+0.135	+0.119	+0.112
+0.111	+0.122	+0.129	+0.130	+0.135	+0.121	+0.127	+0.108	+0.108	+0.106	+0.111	+0.103
+0.108	+0.117	+0.110	+0.101	+0.113	+0.118	+0.113	+0.104	+0.101	+0.096	+0.104	+0.102
+0.109	+0.117	+0.105	+0.106	+0.113	+0.116	+0.124	+0.112	+0.107	+0.102	+0.110	+0.102
+0.100	+0.102	+0.098	+0.104	+0.107	+0.113	+0.115	+0.107	+0.100	+0.094	+0.097	+0.099


+0.501	+0.501	+0.523	+0.509	+0.646	+0.627	+0.114	+0.111	+0.108	+0.108	+0.102	+0.096
+0.768	+0.743	+0.767	+0.750	+0.752	+0.764	+0.116	+0.120	+0.115	+0.128	+0.113	+0.108
+0.812	+0.820	+0.812	+0.804	+0.837	+0.839	+0.121	+0.116	+0.123	+0.115	+0.112	+0.107
+0.828	+0.812	+0.810	+0.802	+0.840	+0.842	+0.121	+0.115	+0.126	+0.135	+0.120	+0.114
+0.114	+0.122	+0.130	+0.130	+0.135	+0.122	+0.127	+0.108	+0.109	+0.107	+0.111	+0.103
+0.111	+0.117	+0.111	+0.102	+0.112	+0.120	+0.115	+0.105	+0.102	+0.097	+0.106	+0.103
+0.112	+0.117	+0.107	+0.108	+0.113	+0.118	+0.125	+0.112	+0.108	+0.104	+0.111	+0.102
+0.101	+0.103	+0.100	+0.105	+0.107	+0.114	+0.116	+0.107	+0.101	+0.097	+0.098	+0.099


+0.491	+0.493	+0.515	+0.499	+0.642	+0.621	+0.114	+0.113	+0.108	+0.108	+0.102	+0.095
+0.765	+0.741	+0.764	+0.749	+0.752	+0.764	+0.115	+0.120	+0.115	+0.127	+0.113	+0.107
+0.811	+0.809	+0.812	+0.803	+0.837	+0.837	+0.120	+0.117	+0.123	+0.115	+0.112	+0.106
+0.825	+0.813	+0.808	+0.801	+0.841	+0.840	+0.120	+0.115	+0.125	+0.135	+0.120	+0.112
+0.112	+0.121	+0.129	+0.131	+0.134	+0.121	+0.127	+0.108	+0.109	+0.107	+0.112	+0.104
+0.109	+0.117	+0.110	+0.102	+0.112	+0.119	+0.114	+0.105	+0.101	+0.097	+0.105	+0.104
+0.110	+0.118	+0.106	+0.108	+0.114	+0.117	+0.125	+0.113	+0.108	+0.103	+0.111	+0.103
+0.100	+0.103	+0.100	+0.106	+0.105	+0.113	+0.116	+0.108	+0.101	+0.096	+0.098	+0.100


+0.483	+0.486	+0.508	+0.492	+0.638	+0.619	+0.114	+0.112	+0.108	+0.108	+0.103	+0.094
+0.766	+0.741	+0.764	+0.748	+0.750	+0.764	+0.115	+0.120	+0.115	+0.127	+0.113	+0.107
+0.813	+0.811	+0.814	+0.803	+0.838	+0.840	+0.120	+0.117	+0.123	+0.115	+0.111	+0.105
+0.827	+0.814	+0.810	+0.801	+0.842	+0.843	+0.120	+0.115	+0.126	+0.135	+0.120	+0.113
+0.113	+0.122	+0.131	+0.132	+0.136	+0.123	+0.127	+0.108	+0.110	+0.108	+0.112	+0.103
+0.110	+0.117	+0.111	+0.102	+0.113	+0.120	+0.114	+0.105	+0.101	+0.098	+0.105	+0.103
+0.112	+0.119	+0.107	+0.109	+0.114	+0.119	+0.125	+0.113	+0.108	+0.104	+0.112	+0.103
+0.102	+0.102	+0.101	+0.106	+0.107	+0.115	+0.116	+0.108	+0.103	+0.098	+0.099	+0.100


+0.473	+0.477	+0.499	+0.480	+0.634	+0.614	+0.114	+0.111	+0.107	+0.109	+0.102	+0.096
+0.764	+0.740	+0.762	+0.745	+0.750	+0.764	+0.115	+0.119	+0.114	+0.127	+0.113	+0.108
+0.810	+0.810	+0.811	+0.800	+0.839	+0.839	+0.120	+0.116	+0.122	+0.115	+0.110	+0.106
+0.821	+0.809	+0.807	+0.797	+0.840	+0.840	+0.120	+0.113	+0.124	+0.134	+0.119	+0.113
+0.113	+0.121	+0.130	+0.131	+0.135	+0.122	+0.127	+0.108	+0.109	+0.106	+0.112	+0.104
+0.109	+0.117	+0.111	+0.101	+0.112	+0.120	+0.114	+0.105	+0.101	+0.097	+0.105	+0.102
+0.111	+0.117	+0.106	+0.108	+0.114	+0.117	+0.124	+0.113	+0.107	+0.102	+0.111	+0.102
+0.101	+0.102	+0.100	+0.105	+0.107	+0.114	+0.114	+0.107	+0.100	+0.096	+0.098	+0.098


+0.464	+0.470	+0.491	+0.471	+0.630	+0.610	+0.115	+0.112	+0.107	+0.108	+0.103	+0.094
+0.763	+0.738	+0.761	+0.744	+0.750	+0.763	+0.115	+0.120	+0.114	+0.128	+0.114	+0.107
+0.809	+0.812	+0.810	+0.800	+0.837	+0.838	+0.121	+0.117	+0.122	+0.115	+0.111	+0.105
+0.820	+0.809	+0.806	+0.797	+0.840	+0.841	+0.121	+0.114	+0.125	+0.135	+0.120	+0.112
+0.113	+0.120	+0.129	+0.131	+0.135	+0.123	+0.126	+0.109	+0.109	+0.106	+0.112	+0.104
+0.110	+0.117	+0.111	+0.102	+0.112	+0.120	+0.114	+0.105	+0.101	+0.097	+0.106	+0.103
+0.112	+0.117	+0.106	+0.108	+0.113	+0.117	+0.125	+0.113	+0.107	+0.103	+0.111	+0.102
+0.101	+0.102	+0.100	+0.105	+0.106	+0.115	+0.115	+0.108	+0.100	+0.096	+0.098	+0.100


+0.454	+0.461	+0.481	+0.460	+0.627	+0.605	+0.115	+0.112	+0.107	+0.109	+0.103	+0.095
+0.761	+0.737	+0.759	+0.742	+0.750	+0.763	+0.116	+0.121	+0.116	+0.129	+0.114	+0.107
+0.807	+0.805	+0.809	+0.799	+0.837	+0.838	+0.121	+0.117	+0.123	+0.115	+0.112	+0.106
+0.817	+0.805	+0.805	+0.795	+0.839	+0.840	+0.120	+0.114	+0.125	+0.134	+0.119	+0.111
+0.112	+0.122	+0.131	+0.130	+0.134	+0.123	+0.128	+0.109	+0.109	+0.107	+0.112	+0.104
+0.110	+0.118	+0.112	+0.103	+0.114	+0.120	+0.116	+0.106	+0.101	+0.099	+0.107	+0.103
+0.111	+0.118	+0.106	+0.108	+0.113	+0.118	+0.126	+0.113	+0.107	+0.103	+0.111	+0.102
+0.100	+0.102	+0.100	+0.105	+0.105	+0.114	+0.115	+0.107	+0.100	+0.096	+0.097	+0.099


+0.444	+0.453	+0.470	+0.451	+0.622	+0.598	+0.113	+0.112	+0.107	+0.107	+0.102	+0.094
+0.759	+0.734	+0.756	+0.740	+0.748	+0.761	+0.115	+0.120	+0.114	+0.128	+0.112	+0.107
+0.807	+0.805	+0.807	+0.797	+0.836	+0.838	+0.121	+0.117	+0.122	+0.115	+0.110	+0.105
+0.816	+0.804	+0.804	+0.793	+0.837	+0.839	+0.119	+0.114	+0.124	+0.134	+0.118	+0.113
+0.112	+0.120	+0.129	+0.129	+0.134	+0.121	+0.127	+0.107	+0.108	+0.105	+0.111	+0.102
+0.109	+0.117	+0.111	+0.101	+0.112	+0.120	+0.114	+0.105	+0.102	+0.096	+0.105	+0.102
+0.112	+0.118	+0.106	+0.107	+0.113	+0.118	+0.124	+0.113	+0.108	+0.104	+0.111	+0.102
+0.101	+0.102	+0.100	+0.104	+0.106	+0.114	+0.116	+0.107	+0.100	+0.095	+0.098	+0.099


+0.438	+0.446	+0.463	+0.442	+0.619	+0.595	+0.114	+0.113	+0.107	+0.108	+0.103	+0.095
+0.760	+0.733	+0.755	+0.740	+0.748	+0.761	+0.115	+0.119	+0.114	+0.127	+0.114	+0.107
+0.806	+0.804	+0.808	+0.796	+0.836	+0.837	+0.121	+0.117	+0.122	+0.116	+0.112	+0.106
+0.815	+0.801	+0.804	+0.790	+0.838	+0.840	+0.121	+0.115	+0.125	+0.135	+0.118	+0.113
+0.112	+0.121	+0.130	+0.130	+0.136	+0.123	+0.127	+0.108	+0.108	+0.106	+0.112	+0.103
+0.110	+0.117	+0.110	+0.101	+0.113	+0.120	+0.114	+0.105	+0.101	+0.097	+0.106	+0.102
+0.111	+0.117	+0.106	+0.108	+0.114	+0.118	+0.124	+0.112	+0.108	+0.103	+0.111	+0.102
+0.101	+0.102	+0.100	+0.105	+0.106	+0.114	+0.115	+0.107	+0.100	+0.096	+0.098	+0.099


+0.431	+0.439	+0.452	+0.431	+0.616	+0.591	+0.113	+0.111	+0.106	+0.107	+0.101	+0.093
+0.756	+0.731	+0.754	+0.738	+0.748	+0.760	+0.114	+0.119	+0.113	+0.127	+0.112	+0.106
+0.804	+0.802	+0.806	+0.795	+0.835	+0.836	+0.119	+0.116	+0.121	+0.115	+0.111	+0.106
+0.813	+0.800	+0.802	+0.790	+0.837	+0.839	+0.119	+0.114	+0.123	+0.134	+0.119	+0.112
+0.111	+0.120	+0.129	+0.129	+0.134	+0.121	+0.125	+0.107	+0.107	+0.105	+0.110	+0.102
+0.108	+0.117	+0.110	+0.100	+0.111	+0.118	+0.113	+0.104	+0.100	+0.096	+0.105	+0.102
+0.109	+0.118	+0.106	+0.107	+0.113	+0.117	+0.124	+0.112	+0.107	+0.102	+0.111	+0.101
+0.100	+0.101	+0.099	+0.104	+0.106	+0.113	+0.116	+0.107	+0.100	+0.095	+0.098	+0.099


+0.423	+0.432	+0.445	+0.421	+0.613	+0.588	+0.113	+0.112	+0.107	+0.108	+0.102	+0.095
+0.755	+0.730	+0.753	+0.737	+0.748	+0.761	+0.114	+0.119	+0.113	+0.127	+0.113	+0.108
+0.804	+0.802	+0.805	+0.795	+0.835	+0.839	+0.119	+0.116	+0.121	+0.114	+0.111	+0.105
+0.812	+0.798	+0.802	+0.788	+0.839	+0.840	+0.119	+0.114	+0.123	+0.134	+0.118	+0.112
+0.112	+0.121	+0.129	+0.130	+0.135	+0.122	+0.127	+0.108	+0.109	+0.106	+0.113	+0.103
+0.109	+0.117	+0.111	+0.102	+0.112	+0.119	+0.114	+0.105	+0.100	+0.097	+0.106	+0.102
+0.110	+0.117	+0.106	+0.108	+0.113	+0.117	+0.125	+0.112	+0.106	+0.102	+0.112	+0.102
+0.100	+0.102	+0.100	+0.105	+0.106	+0.113	+0.114	+0.107	+0.099	+0.095	+0.098	+0.099


+0.416	+0.423	+0.436	+0.412	+0.608	+0.585	+0.113	+0.112	+0.106	+0.107	+0.103	+0.095
+0.754	+0.730	+0.752	+0.737	+0.748	+0.761	+0.116	+0.121	+0.115	+0.129	+0.114	+0.108
+0.803	+0.800	+0.805	+0.794	+0.836	+0.838	+0.120	+0.117	+0.123	+0.116	+0.112	+0.107
+0.810	+0.796	+0.798	+0.787	+0.838	+0.839	+0.120	+0.115	+0.124	+0.134	+0.119	+0.112
+0.112	+0.121	+0.129	+0.130	+0.135	+0.123	+0.127	+0.108	+0.109	+0.106	+0.111	+0.103
+0.110	+0.118	+0.111	+0.102	+0.113	+0.120	+0.115	+0.106	+0.101	+0.097	+0.106	+0.103
+0.112	+0.118	+0.107	+0.107	+0.113	+0.118	+0.125	+0.113	+0.107	+0.103	+0.112	+0.102
+0.101	+0.102	+0.099	+0.105	+0.106	+0.113	+0.114	+0.108	+0.099	+0.096	+0.098	+0.099


+0.408	+0.416	+0.427	+0.403	+0.606	+0.579	+0.114	+0.112	+0.107	+0.108	+0.102	+0.095
+0.753	+0.728	+0.751	+0.734	+0.748	+0.759	+0.116	+0.121	+0.115	+0.129	+0.113	+0.108
+0.804	+0.799	+0.805	+0.793	+0.837	+0.836	+0.120	+0.117	+0.123	+0.116	+0.112	+0.106
+0.812	+0.795	+0.797	+0.786	+0.838	+0.839	+0.121	+0.116	+0.125	+0.135	+0.120	+0.114
+0.112	+0.122	+0.129	+0.130	+0.136	+0.122	+0.127	+0.108	+0.109	+0.107	+0.113	+0.105
+0.110	+0.118	+0.111	+0.102	+0.112	+0.120	+0.114	+0.105	+0.102	+0.098	+0.107	+0.103
+0.112	+0.118	+0.106	+0.107	+0.114	+0.117	+0.125	+0.113	+0.107	+0.103	+0.112	+0.104
+0.102	+0.103	+0.101	+0.105	+0.107	+0.115	+0.115	+0.108	+0.101	+0.097	+0.100	+0.101


+0.400	+0.410	+0.418	+0.394	+0.603	+0.577	+0.115	+0.113	+0.108	+0.108	+0.103	+0.097
+0.750	+0.727	+0.749	+0.733	+0.747	+0.758	+0.115	+0.120	+0.114	+0.127	+0.113	+0.108
+0.802	+0.801	+0.804	+0.793	+0.837	+0.837	+0.120	+0.117	+0.122	+0.115	+0.112	+0.106
+0.809	+0.795	+0.797	+0.785	+0.839	+0.840	+0.120	+0.115	+0.125	+0.134	+0.121	+0.114
+0.113	+0.123	+0.130	+0.131	+0.136	+0.123	+0.127	+0.109	+0.109	+0.108	+0.112	+0.104
+0.109	+0.118	+0.111	+0.102	+0.113	+0.120	+0.114	+0.104	+0.101	+0.097	+0.106	+0.102
+0.112	+0.118	+0.106	+0.108	+0.114	+0.119	+0.125	+0.113	+0.108	+0.103	+0.112	+0.102
+0.102	+0.103	+0.101	+0.106	+0.107	+0.115	+0.116	+0.108	+0.100	+0.097	+0.098	+0.100


+0.392	+0.401	+0.409	+0.384	+0.599	+0.573	+0.114	+0.112	+0.107	+0.107	+0.102	+0.095
+0.751	+0.726	+0.746	+0.732	+0.747	+0.758	+0.116	+0.119	+0.114	+0.127	+0.114	+0.107
+0.799	+0.799	+0.801	+0.793	+0.835	+0.835	+0.120	+0.115	+0.121	+0.113	+0.111	+0.106
+0.805	+0.792	+0.793	+0.783	+0.837	+0.839	+0.121	+0.114	+0.125	+0.133	+0.120	+0.113
+0.112	+0.121	+0.129	+0.131	+0.135	+0.122	+0.127	+0.109	+0.108	+0.107	+0.112	+0.104
+0.110	+0.117	+0.111	+0.103	+0.113	+0.120	+0.114	+0.105	+0.101	+0.097	+0.106	+0.102
+0.110	+0.118	+0.105	+0.107	+0.112	+0.117	+0.124	+0.113	+0.107	+0.102	+0.111	+0.101
+0.101	+0.102	+0.100	+0.106	+0.105	+0.113	+0.115	+0.108	+0.100	+0.095	+0.098	+0.100


+0.383	+0.394	+0.398	+0.373	+0.594	+0.570	+0.115	+0.112	+0.108	+0.108	+0.101	+0.094
+0.747	+0.721	+0.745	+0.730	+0.745	+0.756	+0.115	+0.119	+0.114	+0.128	+0.112	+0.107
+0.800	+0.797	+0.802	+0.791	+0.835	+0.835	+0.121	+0.118	+0.123	+0.116	+0.110	+0.106
+0.804	+0.790	+0.792	+0.783	+0.836	+0.838	+0.122	+0.115	+0.125	+0.135	+0.119	+0.113
+0.111	+0.121	+0.129	+0.130	+0.135	+0.122	+0.126	+0.108	+0.109	+0.106	+0.111	+0.103
+0.109	+0.117	+0.111	+0.101	+0.112	+0.120	+0.114	+0.105	+0.101	+0.097	+0.105	+0.103
+0.111	+0.118	+0.106	+0.108	+0.114	+0.117	+0.125	+0.114	+0.108	+0.104	+0.111	+0.103
+0.100	+0.102	+0.101	+0.106	+0.106	+0.115	+0.116	+0.108	+0.102	+0.096	+0.099	+0.100


+0.375	+0.386	+0.389	+0.364	+0.591	+0.564	+0.113	+0.110	+0.106	+0.107	+0.101	+0.094
+0.747	+0.722	+0.743	+0.729	+0.745	+0.757	+0.116	+0.119	+0.115	+0.127	+0.113	+0.108
+0.799	+0.796	+0.799	+0.790	+0.835	+0.835	+0.120	+0.116	+0.123	+0.115	+0.112	+0.106
+0.801	+0.788	+0.788	+0.778	+0.834	+0.837	+0.120	+0.113	+0.124	+0.134	+0.119	+0.112
+0.112	+0.120	+0.128	+0.130	+0.134	+0.122	+0.127	+0.106	+0.107	+0.106	+0.110	+0.103
+0.110	+0.117	+0.110	+0.102	+0.113	+0.120	+0.114	+0.104	+0.101	+0.098	+0.105	+0.102
+0.111	+0.118	+0.106	+0.108	+0.114	+0.118	+0.126	+0.112	+0.107	+0.104	+0.111	+0.102
+0.101	+0.102	+0.099	+0.105	+0.106	+0.114	+0.116	+0.106	+0.099	+0.096	+0.097	+0.098


+0.369	+0.379	+0.382	+0.355	+0.588	+0.562	+0.114	+0.111	+0.107	+0.108	+0.103	+0.096
+0.746	+0.721	+0.744	+0.727	+0.745	+0.756	+0.115	+0.120	+0.114	+0.128	+0.114	+0.109
+0.798	+0.795	+0.800	+0.788	+0.835	+0.835	+0.119	+0.116	+0.122	+0.115	+0.111	+0.107
+0.800	+0.788	+0.790	+0.779	+0.837	+0.838	+0.119	+0.114	+0.124	+0.134	+0.120	+0.113
+0.112	+0.120	+0.130	+0.130	+0.135	+0.123	+0.126	+0.107	+0.108	+0.106	+0.111	+0.102
+0.109	+0.117	+0.111	+0.102	+0.113	+0.120	+0.114	+0.105	+0.101	+0.098	+0.106	+0.103
+0.110	+0.117	+0.106	+0.108	+0.113	+0.118	+0.124	+0.112	+0.106	+0.103	+0.110	+0.102
+0.100	+0.101	+0.100	+0.105	+0.106	+0.114	+0.115	+0.107	+0.099	+0.096	+0.097	+0.099


+0.362	+0.371	+0.372	+0.344	+0.584	+0.556	+0.114	+0.112	+0.106	+0.107	+0.103	+0.095
+0.743	+0.719	+0.741	+0.726	+0.743	+0.756	+0.115	+0.120	+0.113	+0.127	+0.114	+0.107
+0.797	+0.793	+0.800	+0.789	+0.835	+0.835	+0.121	+0.117	+0.123	+0.114	+0.112	+0.106
+0.797	+0.787	+0.789	+0.779	+0.839	+0.840	+0.121	+0.115	+0.125	+0.134	+0.120	+0.114
+0.113	+0.120	+0.129	+0.130	+0.134	+0.122	+0.127	+0.108	+0.109	+0.106	+0.111	+0.103
+0.109	+0.116	+0.110	+0.101	+0.112	+0.119	+0.113	+0.105	+0.101	+0.097	+0.105	+0.102
+0.112	+0.117	+0.105	+0.108	+0.113	+0.117	+0.125	+0.113	+0.107	+0.103	+0.112	+0.102
+0.102	+0.102	+0.100	+0.105	+0.106	+0.114	+0.115	+0.108	+0.101	+0.096	+0.098	+0.100


+0.352	+0.364	+0.361	+0.333	+0.579	+0.554	+0.114	+0.113	+0.107	+0.108	+0.103	+0.095
+0.743	+0.718	+0.740	+0.725	+0.744	+0.755	+0.115	+0.120	+0.114	+0.128	+0.113	+0.107
+0.795	+0.793	+0.799	+0.787	+0.834	+0.834	+0.120	+0.118	+0.123	+0.115	+0.112	+0.106
+0.795	+0.785	+0.787	+0.776	+0.837	+0.839	+0.120	+0.116	+0.124	+0.135	+0.119	+0.113
+0.112	+0.122	+0.129	+0.131	+0.135	+0.122	+0.128	+0.109	+0.108	+0.107	+0.112	+0.103
+0.110	+0.117	+0.111	+0.102	+0.113	+0.120	+0.115	+0.105	+0.101	+0.097	+0.107	+0.103
+0.111	+0.118	+0.106	+0.109	+0.113	+0.119	+0.126	+0.114	+0.107	+0.104	+0.111	+0.102
+0.101	+0.102	+0.100	+0.105	+0.106	+0.114	+0.116	+0.108	+0.100	+0.096	+0.098	+0.100


+0.346	+0.358	+0.351	+0.323	+0.574	+0.549	+0.112	+0.113	+0.107	+0.108	+0.103	+0.095
+0.740	+0.716	+0.738	+0.722	+0.742	+0.754	+0.114	+0.119	+0.114	+0.127	+0.113	+0.107
+0.794	+0.792	+0.798	+0.786	+0.833	+0.833	+0.119	+0.117	+0.122	+0.115	+0.112	+0.106
+0.794	+0.783	+0.785	+0.773	+0.838	+0.838	+0.119	+0.115	+0.125	+0.135	+0.121	+0.113
+0.112	+0.121	+0.130	+0.130	+0.135	+0.122	+0.127	+0.108	+0.108	+0.106	+0.111	+0.104
+0.109	+0.117	+0.111	+0.102	+0.112	+0.119	+0.113	+0.105	+0.101	+0.097	+0.106	+0.102
+0.111	+0.119	+0.107	+0.108	+0.113	+0.117	+0.125	+0.113	+0.108	+0.104	+0.111	+0.102
+0.102	+0.102	+0.100	+0.107	+0.106	+0.114	+0.115	+0.108	+0.101	+0.096	+0.098	+0.101


+0.339	+0.350	+0.342	+0.314	+0.572	+0.546	+0.113	+0.111	+0.107	+0.108	+0.102	+0.095
+0.738	+0.714	+0.735	+0.721	+0.741	+0.754	+0.114	+0.119	+0.114	+0.128	+0.113	+0.107
+0.794	+0.791	+0.798	+0.785	+0.834	+0.834	+0.120	+0.116	+0.122	+0.115	+0.111	+0.106
+0.793	+0.780	+0.782	+0.771	+0.836	+0.836	+0.119	+0.114	+0.124	+0.134	+0.119	+0.112
+0.112	+0.121	+0.130	+0.130	+0.134	+0.122	+0.127	+0.108	+0.109	+0.106	+0.111	+0.104
+0.108	+0.117	+0.110	+0.101	+0.111	+0.119	+0.113	+0.104	+0.101	+0.097	+0.105	+0.101
+0.111	+0.117	+0.106	+0.107	+0.113	+0.117	+0.124	+0.113	+0.108	+0.103	+0.111	+0.102
+0.100	+0.102	+0.099	+0.104	+0.105	+0.113	+0.114	+0.107	+0.100	+0.096	+0.097	+0.099


+0.332	+0.343	+0.332	+0.304	+0.569	+0.543	+0.114	+0.111	+0.107	+0.108	+0.101	+0.094
+0.738	+0.713	+0.735	+0.721	+0.742	+0.754	+0.116	+0.119	+0.114	+0.128	+0.113	+0.108
+0.792	+0.790	+0.795	+0.784	+0.833	+0.834	+0.120	+0.116	+0.122	+0.115	+0.111	+0.105
+0.792	+0.781	+0.783	+0.772	+0.838	+0.840	+0.121	+0.115	+0.126	+0.135	+0.120	+0.113
+0.112	+0.121	+0.130	+0.130	+0.135	+0.123	+0.127	+0.108	+0.109	+0.107	+0.111	+0.103
+0.109	+0.117	+0.110	+0.102	+0.113	+0.120	+0.114	+0.105	+0.102	+0.098	+0.106	+0.103
+0.110	+0.116	+0.106	+0.107	+0.113	+0.118	+0.124	+0.112	+0.107	+0.103	+0.111	+0.102
+0.101	+0.102	+0.100	+0.106	+0.107	+0.115	+0.117	+0.107	+0.102	+0.097	+0.099	+0.100


+0.324	+0.335	+0.320	+0.293	+0.566	+0.539	+0.113	+0.111	+0.107	+0.107	+0.102	+0.094
+0.735	+0.710	+0.732	+0.717	+0.742	+0.752	+0.115	+0.119	+0.113	+0.126	+0.112	+0.107
+0.792	+0.788	+0.793	+0.782	+0.834	+0.832	+0.120	+0.116	+0.122	+0.114	+0.111	+0.105
+0.791	+0.777	+0.781	+0.770	+0.837	+0.837	+0.120	+0.114	+0.124	+0.133	+0.119	+0.112
+0.111	+0.121	+0.129	+0.129	+0.134	+0.122	+0.126	+0.108	+0.108	+0.105	+0.111	+0.102
+0.109	+0.117	+0.110	+0.101	+0.112	+0.119	+0.113	+0.104	+0.101	+0.096	+0.104	+0.102
+0.110	+0.117	+0.105	+0.107	+0.113	+0.116	+0.125	+0.112	+0.107	+0.102	+0.109	+0.101
+0.100	+0.102	+0.100	+0.105	+0.106	+0.113	+0.114	+0.107	+0.100	+0.095	+0.097	+0.099


+0.317	+0.330	+0.313	+0.284	+0.563	+0.538	+0.113	+0.112	+0.107	+0.108	+0.103	+0.096
+0.736	+0.710	+0.733	+0.719	+0.742	+0.754	+0.116	+0.120	+0.115	+0.128	+0.113	+0.108
+0.791	+0.791	+0.795	+0.783	+0.834	+0.835	+0.120	+0.117	+0.123	+0.116	+0.112	+0.107
+0.791	+0.778	+0.781	+0.769	+0.839	+0.840	+0.121	+0.115	+0.125	+0.135	+0.120	+0.114
+0.113	+0.122	+0.130	+0.131	+0.136	+0.123	+0.127	+0.109	+0.110	+0.107	+0.112	+0.104
+0.110	+0.118	+0.111	+0.102	+0.113	+0.120	+0.115	+0.106	+0.102	+0.098	+0.106	+0.104
+0.112	+0.119	+0.106	+0.109	+0.115	+0.118	+0.126	+0.114	+0.109	+0.104	+0.111	+0.104
+0.102	+0.103	+0.100	+0.106	+0.108	+0.114	+0.116	+0.110	+0.102	+0.097	+0.098	+0.101


+0.310	+0.322	+0.305	+0.274	+0.560	+0.533	+0.113	+0.112	+0.107	+0.108	+0.103	+0.094
+0.732	+0.708	+0.730	+0.715	+0.740	+0.752	+0.114	+0.120	+0.114	+0.127	+0.112	+0.107
+0.789	+0.789	+0.793	+0.781	+0.834	+0.833	+0.120	+0.116	+0.123	+0.115	+0.111	+0.105
+0.787	+0.775	+0.778	+0.766	+0.835	+0.837	+0.119	+0.114	+0.124	+0.135	+0.118	+0.112
+0.111	+0.122	+0.130	+0.130	+0.135	+0.122	+0.126	+0.109	+0.109	+0.106	+0.111	+0.103
+0.108	+0.117	+0.110	+0.101	+0.112	+0.119	+0.114	+0.105	+0.101	+0.097	+0.105	+0.102
+0.110	+0.118	+0.106	+0.108	+0.113	+0.118	+0.125	+0.113	+0.109	+0.103	+0.112	+0.102
+0.100	+0.101	+0.100	+0.105	+0.105	+0.113	+0.115	+0.107	+0.102	+0.095	+0.098	+0.099


+0.302	+0.314	+0.295	+0.264	+0.557	+0.530	+0.114	+0.112	+0.107	+0.107	+0.102	+0.095
+0.732	+0.706	+0.729	+0.714	+0.739	+0.753	+0.115	+0.119	+0.113	+0.126	+0.113	+0.107
+0.791	+0.786	+0.792	+0.780	+0.831	+0.832	+0.120	+0.116	+0.122	+0.114	+0.111	+0.106
+0.786	+0.772	+0.775	+0.763	+0.833	+0.835	+0.120	+0.114	+0.123	+0.133	+0.118	+0.111
+0.113	+0.121	+0.130	+0.130	+0.135	+0.122	+0.127	+0.109	+0.109	+0.107	+0.111	+0.103
+0.109	+0.116	+0.111	+0.101	+0.112	+0.119	+0.114	+0.105	+0.100	+0.097	+0.105	+0.102
+0.111	+0.117	+0.107	+0.107	+0.114	+0.117	+0.125	+0.113	+0.107	+0.103	+0.111	+0.101
+0.100	+0.101	+0.099	+0.103	+0.105	+0.111	+0.115	+0.108	+0.099	+0.096	+0.097	+0.099


+0.295	+0.307	+0.286	+0.254	+0.554	+0.528	+0.114	+0.112	+0.107	+0.108	+0.103	+0.096
+0.730	+0.705	+0.728	+0.713	+0.739	+0.752	+0.115	+0.119	+0.114	+0.127	+0.113	+0.107
+0.788	+0.786	+0.792	+0.779	+0.832	+0.831	+0.120	+0.116	+0.122	+0.114	+0.111	+0.105
+0.783	+0.773	+0.775	+0.763	+0.834	+0.836	+0.119	+0.114	+0.123	+0.133	+0.118	+0.112
+0.113	+0.121	+0.130	+0.131	+0.136	+0.123	+0.127	+0.109	+0.109	+0.107	+0.112	+0.103
+0.109	+0.117	+0.110	+0.102	+0.113	+0.119	+0.114	+0.105	+0.100	+0.098	+0.105	+0.103
+0.110	+0.118	+0.106	+0.107	+0.113	+0.118	+0.124	+0.113	+0.107	+0.104	+0.112	+0.101
+0.099	+0.102	+0.099	+0.104	+0.106	+0.112	+0.114	+0.108	+0.099	+0.095	+0.098	+0.099


+0.286	+0.298	+0.276	+0.241	+0.549	+0.524	+0.113	+0.111	+0.107	+0.107	+0.102	+0.095
+0.729	+0.703	+0.726	+0.711	+0.738	+0.750	+0.115	+0.119	+0.115	+0.127	+0.113	+0.108
+0.787	+0.786	+0.790	+0.779	+0.831	+0.832	+0.120	+0.116	+0.123	+0.114	+0.112	+0.106
+0.782	+0.771	+0.772	+0.761	+0.834	+0.836	+0.119	+0.114	+0.125	+0.133	+0.119	+0.113
+0.112	+0.121	+0.129	+0.130	+0.135	+0.122	+0.126	+0.109	+0.108	+0.107	+0.111	+0.102
+0.110	+0.117	+0.110	+0.101	+0.113	+0.119	+0.113	+0.105	+0.101	+0.097	+0.106	+0.102
+0.111	+0.118	+0.106	+0.107	+0.114	+0.117	+0.125	+0.113	+0.107	+0.104	+0.111	+0.102
+0.099	+0.101	+0.099	+0.104	+0.106	+0.113	+0.115	+0.107	+0.099	+0.096	+0.097	+0.099


+0.280	+0.294	+0.272	+0.233	+0.547	+0.522	+0.114	+0.112	+0.108	+0.108	+0.103	+0.095
+0.729	+0.702	+0.725	+0.710	+0.739	+0.751	+0.115	+0.120	+0.114	+0.127	+0.113	+0.107
+0.788	+0.785	+0.790	+0.777	+0.833	+0.832	+0.120	+0.117	+0.123	+0.115	+0.112	+0.106
+0.782	+0.770	+0.773	+0.761	+0.836	+0.837	+0.121	+0.115	+0.126	+0.135	+0.121	+0.114
+0.113	+0.122	+0.130	+0.131	+0.135	+0.123	+0.127	+0.108	+0.109	+0.107	+0.112	+0.104
+0.109	+0.118	+0.111	+0.102	+0.113	+0.120	+0.114	+0.105	+0.102	+0.097	+0.106	+0.103
+0.111	+0.118	+0.106	+0.108	+0.114	+0.118	+0.124	+0.112	+0.107	+0.103	+0.111	+0.103
+0.101	+0.103	+0.100	+0.107	+0.107	+0.115	+0.116	+0.108	+0.102	+0.097	+0.098	+0.101


+0.272	+0.286	+0.267	+0.224	+0.543	+0.518	+0.114	+0.112	+0.108	+0.108	+0.103	+0.096
+0.725	+0.701	+0.722	+0.709	+0.737	+0.749	+0.115	+0.120	+0.115	+0.128	+0.113	+0.108
+0.785	+0.783	+0.788	+0.776	+0.830	+0.833	+0.120	+0.116	+0.122	+0.115	+0.111	+0.106
+0.780	+0.769	+0.771	+0.759	+0.834	+0.836	+0.121	+0.115	+0.126	+0.136	+0.120	+0.113
+0.112	+0.121	+0.129	+0.131	+0.135	+0.123	+0.126	+0.109	+0.109	+0.107	+0.111	+0.103
+0.109	+0.117	+0.110	+0.102	+0.112	+0.119	+0.113	+0.104	+0.101	+0.097	+0.105	+0.102
+0.110	+0.117	+0.106	+0.108	+0.113	+0.118	+0.125	+0.113	+0.108	+0.103	+0.111	+0.102
+0.101	+0.101	+0.100	+0.106	+0.107	+0.114	+0.115	+0.108	+0.101	+0.096	+0.098	+0.100


+0.263	+0.279	+0.262	+0.215	+0.542	+0.516	+0.114	+0.111	+0.108	+0.108	+0.103	+0.095
+0.724	+0.699	+0.721	+0.707	+0.737	+0.749	+0.115	+0.119	+0.114	+0.127	+0.113	+0.107
+0.784	+0.783	+0.788	+0.774	+0.832	+0.831	+0.120	+0.116	+0.123	+0.116	+0.112	+0.107
+0.778	+0.766	+0.770	+0.757	+0.834	+0.837	+0.119	+0.114	+0.125	+0.135	+0.119	+0.113
+0.112	+0.121	+0.130	+0.131	+0.135	+0.122	+0.126	+0.108	+0.110	+0.107	+0.111	+0.103
+0.109	+0.117	+0.110	+0.101	+0.112	+0.118	+0.113	+0.104	+0.101	+0.097	+0.105	+0.102
+0.111	+0.117	+0.106	+0.108	+0.114	+0.117	+0.124	+0.113	+0.108	+0.104	+0.110	+0.102
+0.100	+0.101	+0.099	+0.106	+0.106	+0.113	+0.114	+0.107	+0.100	+0.096	+0.096	+0.099


+0.256	+0.270	+0.258	+0.206	+0.538	+0.513	+0.115	+0.112	+0.107	+0.107	+0.102	+0.095
+0.722	+0.697	+0.719	+0.706	+0.737	+0.748	+0.115	+0.120	+0.114	+0.127	+0.113	+0.107
+0.783	+0.783	+0.788	+0.775	+0.832	+0.831	+0.121	+0.117	+0.123	+0.115	+0.112	+0.106
+0.776	+0.767	+0.769	+0.756	+0.835	+0.836	+0.120	+0.115	+0.124	+0.134	+0.120	+0.112
+0.112	+0.121	+0.130	+0.130	+0.134	+0.122	+0.127	+0.108	+0.109	+0.106	+0.111	+0.103
+0.109	+0.117	+0.111	+0.101	+0.111	+0.120	+0.114	+0.105	+0.101	+0.097	+0.105	+0.102
+0.111	+0.117	+0.107	+0.108	+0.113	+0.118	+0.125	+0.113	+0.108	+0.105	+0.112	+0.103
+0.101	+0.101	+0.100	+0.106	+0.105	+0.114	+0.116	+0.107	+0.100	+0.096	+0.098	+0.099


+0.249	+0.263	+0.251	+0.197	+0.535	+0.510	+0.114	+0.112	+0.107	+0.108	+0.102	+0.096
+0.722	+0.696	+0.719	+0.705	+0.737	+0.749	+0.115	+0.119	+0.114	+0.127	+0.112	+0.107
+0.783	+0.782	+0.786	+0.774	+0.831	+0.829	+0.120	+0.117	+0.123	+0.115	+0.111	+0.106
+0.775	+0.765	+0.767	+0.754	+0.833	+0.837	+0.121	+0.116	+0.125	+0.135	+0.120	+0.114
+0.112	+0.120	+0.130	+0.130	+0.135	+0.123	+0.126	+0.108	+0.109	+0.107	+0.111	+0.103
+0.110	+0.117	+0.110	+0.102	+0.112	+0.120	+0.114	+0.104	+0.101	+0.098	+0.105	+0.102
+0.111	+0.117	+0.107	+0.108	+0.114	+0.119	+0.125	+0.112	+0.108	+0.104	+0.111	+0.102
+0.102	+0.102	+0.100	+0.106	+0.106	+0.114	+0.116	+0.107	+0.100	+0.095	+0.098	+0.100


+0.241	+0.257	+0.247	+0.189	+0.531	+0.508	+0.114	+0.112	+0.107	+0.108	+0.102	+0.095
+0.721	+0.695	+0.719	+0.704	+0.738	+0.749	+0.117	+0.120	+0.114	+0.128	+0.114	+0.108
+0.780	+0.779	+0.786	+0.772	+0.829	+0.828	+0.120	+0.116	+0.122	+0.114	+0.111	+0.106
+0.774	+0.765	+0.767	+0.752	+0.834	+0.837	+0.121	+0.115	+0.124	+0.134	+0.120	+0.113
+0.112	+0.121	+0.130	+0.130	+0.135	+0.122	+0.127	+0.108	+0.109	+0.106	+0.112	+0.104
+0.111	+0.119	+0.111	+0.103	+0.113	+0.121	+0.115	+0.106	+0.103	+0.098	+0.107	+0.104
+0.111	+0.117	+0.106	+0.108	+0.113	+0.118	+0.125	+0.113	+0.108	+0.104	+0.112	+0.102
+0.102	+0.102	+0.100	+0.106	+0.106	+0.115	+0.116	+0.109	+0.101	+0.097	+0.099	+0.101


+0.232	+0.249	+0.241	+0.184	+0.529	+0.505	+0.114	+0.111	+0.107	+0.108	+0.103	+0.095
+0.718	+0.692	+0.715	+0.701	+0.735	+0.747	+0.116	+0.119	+0.114	+0.127	+0.113	+0.107
+0.782	+0.781	+0.786	+0.772	+0.832	+0.831	+0.122	+0.117	+0.123	+0.116	+0.113	+0.107
+0.772	+0.762	+0.764	+0.751	+0.834	+0.838	+0.121	+0.114	+0.124	+0.135	+0.120	+0.113
+0.112	+0.121	+0.129	+0.130	+0.135	+0.123	+0.126	+0.108	+0.109	+0.106	+0.111	+0.103
+0.108	+0.117	+0.110	+0.101	+0.112	+0.119	+0.113	+0.105	+0.101	+0.097	+0.105	+0.102
+0.111	+0.119	+0.106	+0.108	+0.114	+0.118	+0.125	+0.114	+0.108	+0.104	+0.112	+0.102
+0.100	+0.102	+0.100	+0.105	+0.107	+0.114	+0.115	+0.108	+0.100	+0.095	+0.098	+0.100


+0.224	+0.242	+0.236	+0.180	+0.526	+0.502	+0.113	+0.112	+0.107	+0.108	+0.101	+0.095
+0.716	+0.692	+0.714	+0.700	+0.734	+0.748	+0.116	+0.120	+0.113	+0.127	+0.112	+0.107
+0.779	+0.778	+0.783	+0.772	+0.829	+0.830	+0.120	+0.117	+0.122	+0.115	+0.110	+0.106
+0.770	+0.759	+0.762	+0.748	+0.833	+0.836	+0.119	+0.115	+0.124	+0.134	+0.117	+0.112
+0.112	+0.121	+0.130	+0.129	+0.134	+0.123	+0.126	+0.108	+0.108	+0.106	+0.110	+0.103
+0.109	+0.118	+0.110	+0.101	+0.112	+0.119	+0.113	+0.105	+0.100	+0.097	+0.105	+0.102
+0.109	+0.117	+0.106	+0.107	+0.113	+0.117	+0.124	+0.113	+0.106	+0.103	+0.110	+0.102
+0.099	+0.102	+0.100	+0.105	+0.105	+0.114	+0.114	+0.107	+0.099	+0.095	+0.097	+0.099


+0.217	+0.237	+0.233	+0.178	+0.524	+0.500	+0.114	+0.112	+0.107	+0.108	+0.103	+0.096
+0.717	+0.692	+0.715	+0.701	+0.737	+0.748	+0.116	+0.121	+0.115	+0.128	+0.115	+0.109
+0.780	+0.780	+0.784	+0.772	+0.832	+0.834	+0.123	+0.118	+0.123	+0.115	+0.113	+0.108
+0.769	+0.760	+0.761	+0.748	+0.835	+0.837	+0.122	+0.115	+0.125	+0.135	+0.120	+0.114
+0.113	+0.121	+0.130	+0.130	+0.135	+0.122	+0.126	+0.109	+0.110	+0.107	+0.112	+0.103
+0.110	+0.118	+0.111	+0.102	+0.114	+0.120	+0.114	+0.105	+0.102	+0.098	+0.107	+0.103
+0.111	+0.119	+0.107	+0.109	+0.115	+0.119	+0.126	+0.114	+0.109	+0.104	+0.112	+0.102
+0.101	+0.103	+0.100	+0.106	+0.107	+0.113	+0.115	+0.108	+0.101	+0.097	+0.099	+0.099


+0.209	+0.231	+0.228	+0.178	+0.519	+0.496	+0.113	+0.111	+0.107	+0.108	+0.103	+0.095
+0.715	+0.690	+0.712	+0.699	+0.736	+0.747	+0.116	+0.120	+0.115	+0.128	+0.114	+0.109
+0.779	+0.776	+0.782	+0.769	+0.830	+0.829	+0.121	+0.117	+0.123	+0.116	+0.112	+0.107
+0.768	+0.757	+0.760	+0.745	+0.833	+0.836	+0.121	+0.115	+0.125	+0.135	+0.120	+0.112
+0.113	+0.121	+0.130	+0.130	+0.135	+0.122	+0.126	+0.108	+0.109	+0.106	+0.111	+0.103
+0.111	+0.119	+0.112	+0.103	+0.114	+0.120	+0.114	+0.105	+0.103	+0.098	+0.107	+0.104
+0.112	+0.118	+0.107	+0.108	+0.114	+0.118	+0.125	+0.112	+0.109	+0.104	+0.111	+0.104
+0.101	+0.102	+0.100	+0.105	+0.106	+0.114	+0.115	+0.107	+0.102	+0.096	+0.097	+0.100


+0.201	+0.224	+0.226	+0.177	+0.517	+0.495	+0.113	+0.111	+0.107	+0.107	+0.101	+0.094
+0.713	+0.687	+0.710	+0.695	+0.734	+0.745	+0.114	+0.118	+0.113	+0.127	+0.112	+0.107
+0.778	+0.776	+0.781	+0.769	+0.830	+0.828	+0.120	+0.115	+0.122	+0.115	+0.111	+0.106
+0.767	+0.757	+0.758	+0.745	+0.834	+0.835	+0.120	+0.114	+0.125	+0.135	+0.119	+0.113
+0.112	+0.121	+0.129	+0.130	+0.135	+0.122	+0.126	+0.108	+0.108	+0.107	+0.110	+0.103
+0.108	+0.116	+0.109	+0.101	+0.112	+0.118	+0.113	+0.104	+0.099	+0.097	+0.105	+0.102
+0.110	+0.117	+0.105	+0.108	+0.114	+0.118	+0.125	+0.113	+0.106	+0.104	+0.111	+0.102
+0.100	+0.102	+0.100	+0.106	+0.107	+0.114	+0.115	+0.108	+0.100	+0.096	+0.098	+0.100


+0.194	+0.220	+0.223	+0.176	+0.515	+0.493	+0.114	+0.112	+0.108	+0.108	+0.102	+0.095
+0.711	+0.686	+0.708	+0.695	+0.735	+0.746	+0.116	+0.120	+0.115	+0.128	+0.114	+0.107
+0.776	+0.775	+0.780	+0.767	+0.830	+0.828	+0.120	+0.117	+0.123	+0.115	+0.111	+0.106
+0.764	+0.753	+0.756	+0.742	+0.832	+0.835	+0.121	+0.115	+0.126	+0.135	+0.121	+0.113
+0.112	+0.120	+0.131	+0.131	+0.134	+0.122	+0.127	+0.108	+0.110	+0.106	+0.111	+0.103
+0.110	+0.118	+0.111	+0.102	+0.113	+0.120	+0.114	+0.105	+0.102	+0.098	+0.106	+0.102
+0.110	+0.117	+0.107	+0.107	+0.113	+0.118	+0.125	+0.113	+0.108	+0.103	+0.111	+0.101
+0.101	+0.102	+0.101	+0.106	+0.105	+0.114	+0.116	+0.108	+0.101	+0.096	+0.099	+0.099


+0.186	+0.215	+0.220	+0.175	+0.509	+0.489	+0.112	+0.110	+0.106	+0.107	+0.102	+0.094
+0.709	+0.683	+0.705	+0.692	+0.732	+0.742	+0.114	+0.118	+0.114	+0.126	+0.112	+0.106
+0.775	+0.773	+0.778	+0.765	+0.827	+0.828	+0.119	+0.116	+0.122	+0.114	+0.111	+0.105
+0.762	+0.751	+0.753	+0.739	+0.832	+0.833	+0.119	+0.113	+0.124	+0.134	+0.118	+0.112
+0.111	+0.120	+0.129	+0.129	+0.133	+0.121	+0.125	+0.107	+0.107	+0.105	+0.111	+0.102
+0.108	+0.116	+0.109	+0.100	+0.111	+0.118	+0.113	+0.103	+0.100	+0.096	+0.105	+0.101
+0.109	+0.117	+0.106	+0.106	+0.113	+0.117	+0.124	+0.111	+0.106	+0.103	+0.111	+0.102
+0.100	+0.101	+0.098	+0.104	+0.105	+0.111	+0.115	+0.106	+0.099	+0.096	+0.098	+0.099


+0.179	+0.210	+0.220	+0.176	+0.507	+0.487	+0.114	+0.111	+0.107	+0.107	+0.102	+0.094
+0.709	+0.681	+0.704	+0.692	+0.732	+0.743	+0.115	+0.119	+0.113	+0.127	+0.113	+0.107
+0.774	+0.773	+0.779	+0.766	+0.829	+0.828	+0.121	+0.117	+0.121	+0.114	+0.111	+0.106
+0.760	+0.750	+0.753	+0.738	+0.830	+0.834	+0.120	+0.114	+0.124	+0.133	+0.119	+0.113
+0.112	+0.120	+0.129	+0.130	+0.135	+0.122	+0.126	+0.108	+0.109	+0.107	+0.111	+0.103
+0.110	+0.117	+0.110	+0.102	+0.112	+0.119	+0.114	+0.104	+0.101	+0.098	+0.106	+0.102
+0.111	+0.117	+0.105	+0.108	+0.114	+0.118	+0.125	+0.113	+0.108	+0.104	+0.112	+0.102
+0.101	+0.102	+0.099	+0.105	+0.107	+0.114	+0.115	+0.107	+0.101	+0.097	+0.097	+0.100


+0.172	+0.206	+0.217	+0.176	+0.506	+0.485	+0.114	+0.112	+0.107	+0.108	+0.103	+0.095
+0.707	+0.681	+0.702	+0.691	+0.732	+0.743	+0.115	+0.119	+0.113	+0.127	+0.113	+0.107
+0.775	+0.773	+0.778	+0.766	+0.831	+0.829	+0.120	+0.116	+0.122	+0.115	+0.112	+0.106
+0.759	+0.750	+0.753	+0.738	+0.833	+0.834	+0.120	+0.114	+0.124	+0.135	+0.120	+0.112
+0.112	+0.120	+0.129	+0.130	+0.136	+0.123	+0.127	+0.109	+0.109	+0.107	+0.112	+0.103
+0.109	+0.117	+0.110	+0.101	+0.112	+0.120	+0.114	+0.106	+0.101	+0.097	+0.105	+0.102
+0.111	+0.117	+0.105	+0.107	+0.113	+0.117	+0.125	+0.114	+0.108	+0.103	+0.111	+0.101
+0.101	+0.101	+0.099	+0.106	+0.107	+0.114	+0.116	+0.108	+0.101	+0.096	+0.097	+0.099


